0000000000000000000000000000
0000000000000000000000000000
0000000000000000000000000000
0000000000000000000000000000
0000000001111000000000000000
0000000011111111000000000000
0000000111111111100000000000
0000001111000111111000000000
0000011110000000111100000000
0000011100000000001000000000
0000111100000000000000000000
0000111000000000000000000000
0000111001111111111000000000
0000111111111111111110000000
0000011111111111111111000000
0000000100000000000111000000
0000000000000000000111000000
0000000000000000000111000000
0000000000000000000111000000
0000000000000000001111000000
0000000000000000111110000000
0000000001111111111100000000
0000000011111111111000000000
0000000001111111000000000000
0000000000000000000000000000
0000000000000000000000000000
0000000000000000000000000000
0000000000000000000000000000
