0000000000000000000000000000
0000000000000000000000000000
0000000000000000000000000000
0000000000000000000000000000
0000000000000000000000000000
0000000000000000000000000000
0000011110000011111000000000
0000111111111111111111000000
0000111111111111111111100000
0000111111111111111111110000
0000111111111100000111110000
0000111111100000000111110000
0000111110000000000111110000
0000111110000000000111110000
0000111110000000000111110000
0000111110000000000011110000
0000011111100000000011110000
0000011111110000000111110000
0000001111111111111111110000
0000001111111111111111110000
0000000001111111111111100000
0000000000111111111111000000
0000000000001100000000000000
0000000000000000000000000000
0000000000000000000000000000
0000000000000000000000000000
0000000000000000000000000000
0000000000000000000000000000
