0000000000000000000000000000
0000000000000000000000000000
0000000000000000000000000000
0000000000000000000000000000
0000000000000100000000000000
0000000000011111100000000000
0000000001111111111000000000
0000000011111111111000000000
0000000111110000011110000000
0000001111100000001111000000
0000011111000000001111100000
0000011110000000001111110000
0000011110000000000011110000
0000011100000000000001111000
0000011110000000000000111000
0000011110000000000000011000
0000011110000000000000011000
0000011111000000000000011000
0000011111100000000000111000
0000000111110000000001111000
0000000011111100000111111000
0000000001111111111111110000
0000000000011111111111000000
0000000000000011111100000000
0000000000000000000000000000
0000000000000000000000000000
0000000000000000000000000000
0000000000000000000000000000
