0000000000000000000000000000
0000000000000000000000000000
0000000000000000000000000000
0000000000000000000000000000
0000000000000111000000000000
0000111100001111001110000000
0000111110001111001111000000
0000111000011111001111100000
0000000000111110001111100000
0000000001111100000011110000
0000000001111000000001110000
0000000011111000000001110000
0000000011110000000001110000
0000000011110000000001110000
0000000111100000000011110000
0000000111100000000111110000
0000000111000000001111100000
0000000111000000011111100000
0000001111000000111111000000
0000001111100111111110000000
0000000111111111111100000000
0000000111111111110000000000
0000000011111111100000000000
0000000000111000000000000000
0000000000000000000000000000
0000000000000000000000000000
0000000000000000000000000000
0000000000000000000000000000
