0000000000000000000000000000
0000000000000000000000000000
0000000000000000000000000000
0000000000000000000000000000
0000000000000000000000000000
0000000000000000000111100000
0000000000000000101111110000
0000000000000011101111111000
0000000000000011110011111000
0000000000000111111000011000
0000000000001111110000001000
0000000000001111110000011000
0000000001100011100000111000
0000000011111111000000111000
0000000111111110000011110000
0000001111111000000111100000
0000011111110000011111000000
0000011111000000111100000000
0000011110000001111000000000
0000011111111111110000000000
0000011111111110000000000000
0000001111111100000000000000
0000000000000000000000000000
0000000000000000000000000000
0000000000000000000000000000
0000000000000000000000000000
0000000000000000000000000000
0000000000000000000000000000
