0000000000000000000000000000
0000000000000000000000000000
0000000000000000000000000000
0000000000000000000000000000
0000000000000000000000000000
0000000000000000000001000000
0000000000000000011111100000
0000000000000001111111110000
0000000000000011111111110000
0000000000000111111111110000
0000000000011111111101110000
0000000000111111110001110000
0000000001111111000001110000
0000000011111110000011110000
0000000111111100000111110000
0000001111111000001111100000
0000001111111000011111000000
0000011111110000111110000000
0000111110110011111100000000
0000111100001111111000000000
0000111100111111110000000000
0000111111111111000000000000
0000111111111100000000000000
0000111111100000000000000000
0000000100000000000000000000
0000000000000000000000000000
0000000000000000000000000000
0000000000000000000000000000
