0000000000000000000000000000
0000000000000000000000000000
0000000000000000000000000000
0000000000000000000000000000
0000000000000111111100000000
0000000000001111111111000000
0000000000011111111111000000
0000000000011111111111100000
0000000000111111111111110000
0000000001111111111111110000
0000000011111111111111110000
0000000111111100111111110000
0000001111111100001111110000
0000011111111100001111110000
0000011111111000001111110000
0000011111111000011111110000
0000011111110000111111100000
0000011111110111111111000000
0000011111111111111111000000
0000011111111111111110000000
0000011111111111111000000000
0000011111111111111000000000
0000001111111111111000000000
0000000111111111110000000000
0000000000000000000000000000
0000000000000000000000000000
0000000000000000000000000000
0000000000000000000000000000
