0000000000000000000000000000
0000000000000000000000000000
0000000000000000000000000000
0000000000000000000000000000
0000000000000000011100000000
0000000000000000011101000000
0000000000000001111111100000
0000000000000011111011100000
0000000000000011110011100000
0000000000000111100011110000
0000000000001111000001110000
0000000000011110000001110000
0000000000011100000011100000
0000000000111100000011100000
0000000001111000000111100000
0000000001111000000111000000
0000000111110000001110000000
0000000111100000011100000000
0000000111000001111000000000
0000001110000011110000000000
0000001110001111000000000000
0000001111111110000000000000
0000001111111000000000000000
0000001111110000000000000000
0000000000000000000000000000
0000000000000000000000000000
0000000000000000000000000000
0000000000000000000000000000
