0000000000000000000000000000
0000000000000000000000000000
0000000000000000000000000000
0000000000000000000000000000
0000000000001111110000000000
0000000000111111111100000000
0000000001111111111100000000
0000000001111111111110000000
0000000001111110111111000000
0000000011111100011111000000
0000000011110000001111000000
0000000011110000001111000000
0000000011110000001111100000
0000000011110000001111100000
0000000111100000001111100000
0000000111100000001111100000
0000000011100000001111100000
0000000011110000001111000000
0000000011110000011111000000
0000000111110000111111000000
0000000111111111111110000000
0000000111111111111100000000
0000000011111111111000000000
0000000001111111110000000000
0000000000000000000000000000
0000000000000000000000000000
0000000000000000000000000000
0000000000000000000000000000
