0000000000000000000000000000
0000000000000000000000000000
0000000000000000000000000000
0000000000000000000000000000
0000000000000000010100000000
0000000000000001111111100000
0000000000000111111111100000
0000000000001111111111110000
0000000000111111111111110000
0000000001111111100000100000
0000000011111111110000000000
0000001111110111111110000000
0000011111100111111111000000
0000011111000000001111100000
0000111110000000000111110000
0000111100000000000111110000
0000111100000000000011110000
0000111000000000001111110000
0000111100000001111111110000
0000111110111111111111100000
0000011111111111111111000000
0000011111111111111000000000
0000001111111111000000000000
0000000001011000000000000000
0000000000000000000000000000
0000000000000000000000000000
0000000000000000000000000000
0000000000000000000000000000
