0000000000000000000000000000
0000000000000000000000000000
0000000000000000000000000000
0000000000000000000000000000
0000000000000000000000000000
0000000000000011110000000000
0000000000000011111000000000
0000000000000111111000000000
0000000000001111111000000000
0000000000011111111000000000
0000000000011111111000000000
0000000000011111111000000000
0000000000011101110000000000
0000000000111101110000000000
0000000000111101111000000000
0000000001111001111000000000
0000000001111001110000000000
0000000001110001110000000000
0000000001110011110000000000
0000000001110011100000000000
0000000001110111100000000000
0000000001111111000000000000
0000000001111111000000000000
0000000001111110000000000000
0000000001111100000000000000
0000000000000000000000000000
0000000000000000000000000000
0000000000000000000000000000
