0000000000000000000000000000
0000000000000000000000000000
0000000000000000000000000000
0000000000000000000000000000
0000000000000111100000000000
0000000000011111111100000000
0000000000111111111100000000
0000000000111111111100000000
0000000011111111111110000000
0000000011111100111110000000
0000000011111100011110000000
0000000111111000011110000000
0000000111110000011110000000
0000000111110000011110000000
0000000111110000011110000000
0000000111110000011110000000
0000000111110000111110000000
0000000111110001111110000000
0000000011110001111110000000
0000000011111111111110000000
0000000011111111111100000000
0000000001111111110000000000
0000000000111111110000000000
0000000000011111100000000000
0000000000000000000000000000
0000000000000000000000000000
0000000000000000000000000000
0000000000000000000000000000
