0000000000000000000000000000
0000000000000000000000000000
0000000000000000000000000000
0000000000000000000000000000
0000000000000000000000000000
0000000000001111111000000000
0000000000011111111100000000
0000000000111111111111000000
0000000001111111111111100000
0000000111110011111011100000
0000000111100111011001100000
0000001111000011111001110000
0000001110000011111001110000
0000001110000001100001110000
0000001110000000000001110000
0000001110000000000001110000
0000001110000000000011110000
0000001110000000000111100000
0000001110000000000111100000
0000000111000000001111000000
0000000111100000011110000000
0000000111100000111100000000
0000000011111111111100000000
0000000001111111110000000000
0000000001111111100000000000
0000000000000000000000000000
0000000000000000000000000000
0000000000000000000000000000
