0000000000000000000000000000
0000000000000000000000000000
0000000000000000000000000000
0000000000000000000000000000
0000000000000000000111000000
0000000000000000011111100000
0000000000000000111111100000
0000000000000001111110000000
0000000000000001111100000000
0000000000000011111100000000
0000000000000111111100000000
0000000000001111111100000000
0000000000011111011110000000
0000000000111110011100000000
0000000000111110011100000000
0000000001111110011100000000
0000000001111000111100000000
0000000011111001111100000000
0000000111100001111100000000
0000000111100001110000000000
0000000111100011110000000000
0000000111111111110000000000
0000000111111111100000000000
0000000011111110000000000000
0000000000000000000000000000
0000000000000000000000000000
0000000000000000000000000000
0000000000000000000000000000
