0000000000000000000000000000
0000000000000000000000000000
0000000000000000000000000000
0000000000000000000000000000
0000000000000000000000000000
0000000000000000000000000000
0000000000000000000000000000
0000000000000000000000000000
0000000000111111110000000000
0000000000111111111110000000
0000000011110001111111110000
0000000011110000000011111000
0000000111100000000000111000
0000001111000000000000011000
0000011111000000000000011000
0000011100000000000001111000
0000011000000000000111111000
0000010000000000011111110000
0000011100000001111111000000
0000011111111111111100000000
0000011111111111000000000000
0000000000110000000000000000
0000000000000000000000000000
0000000000000000000000000000
0000000000000000000000000000
0000000000000000000000000000
0000000000000000000000000000
0000000000000000000000000000
