0000000000000000000000000000
0000000000000000000000000000
0000000000000000000000000000
0000000000000000000000000000
0000000000000011110000000000
0000000000111111111000000000
0000000000111111111100000000
0000000000111111111100000000
0000000000111111111110000000
0000000001111100011111000000
0000000001111000011111100000
0000000001111000001111100000
0000000011111000001111100000
0000000111110000000111100000
0000000111110000000011100000
0000000111110000000011100000
0000000111110000000011100000
0000000111110000000111100000
0000000111110000001111100000
0000000111111101111111100000
0000000111111111111111000000
0000000001111111111110000000
0000000001111111111100000000
0000000000111111111100000000
0000000000000000000000000000
0000000000000000000000000000
0000000000000000000000000000
0000000000000000000000000000
