0000000000000000000000000000
0000000000000000000000000000
0000000000000000000000000000
0000000000000000000000000000
0000000000011111000000000000
0000000000111111100000000000
0000000000111000110000000000
0000000001110000111000000000
0000000001100000011000000000
0000000011100000011100000000
0000000011100000011100000000
0000000011100000001110000000
0000000011000000001111000000
0000000011000000001111000000
0000000011000000000111000000
0000000011000011001111000000
0000000011000011101110000000
0000000011000001111110000000
0000000011000001111110000000
0000000011100000111100000000
0000000011100000111100000000
0000000001110001111000000000
0000000000111111110000000000
0000000000111111100000000000
0000000000000000000000000000
0000000000000000000000000000
0000000000000000000000000000
0000000000000000000000000000
