0000000000000000000000000000
0000000000000000000000000000
0000000000000000000000000000
0000000000000000000000000000
0000000000001111100000000000
0000000000011111110000000000
0000000000111111111100000000
0000000000111111111100000000
0000000000111011111111000000
0000000000111111111111000000
0000000001111111111111000000
0000000011111111110111100000
0000000111111110000111100000
0000011111111100000111100000
0000011111100000000011100000
0000011111000000000011100000
0000011111000000000011100000
0000011110000000000111100000
0000011111000000000111100000
0000011111100000001111100000
0000011111111000011111000000
0000001111111111111111000000
0000000111111111111110000000
0000000000111111111100000000
0000000000000000000000000000
0000000000000000000000000000
0000000000000000000000000000
0000000000000000000000000000
