0000000000000000000000000000
0000000000000000000000000000
0000000000000000000000000000
0000000000000000000000000000
0000000000000001110000000000
0000000000000011110000000000
0000000000001111111110000000
0000000000011111111111000000
0000000000111101111111000000
0000000000111111100011000000
0000000001111111000011000000
0000000001110110000111000000
0000000011110000000111000000
0000000011100000000111000000
0000000011100000001111000000
0000000011100000001110000000
0000000011100000011110000000
0000000011100000011100000000
0000000011100000011100000000
0000000011100000111000000000
0000000011110001111000000000
0000000001111011111000000000
0000000000111111110000000000
0000000000111111000000000000
0000000000000000000000000000
0000000000000000000000000000
0000000000000000000000000000
0000000000000000000000000000
