0000000000000000000000000000
0000000000000000000000000000
0000000000000000000000000000
0000000000000000000000000000
0000000000001111110000000000
0000000001111111111100000000
0000000001111111111110000000
0000000001111111111111000000
0000000000111111011111000000
0000000001111111011111000000
0000000001111110011111100000
0000000011111100011111100000
0000000111111100011111000000
0000001111111000111111000000
0000011111110000111111000000
0000011111110000111111000000
0000011111110000111111000000
0000011111100011111110000000
0000011111100011111110000000
0000011111100111111100000000
0000011111101111111100000000
0000001111111111111000000000
0000001111111111110000000000
0000000011111111100000000000
0000000000000000000000000000
0000000000000000000000000000
0000000000000000000000000000
0000000000000000000000000000
