0000000000000000000000000000
0000000000000000000000000000
0000000000000000000000000000
0000000000000000000000000000
0000000000000000000000000000
0000000000000000000000000000
0000000000000001111110000000
0000000000000001111111000000
0000000000000011111111100000
0000000000100001111111110000
0000000011111000000001111000
0000000111111000000001111000
0000011111100000000000111000
0000011111100000000000111000
0000011110000000000001111000
0000011110000000000001111000
0000011100000000001111110000
0000011100000000011111100000
0000011111111111111110000000
0000011111111111111110000000
0000000111111111100000000000
0000000111111110000000000000
0000000000000000000000000000
0000000000000000000000000000
0000000000000000000000000000
0000000000000000000000000000
0000000000000000000000000000
0000000000000000000000000000
