0000000000000000000000000000
0000000000000000000000000000
0000000000000000000000000000
0000000000000000000000000000
0000000000000011111000000000
0000000000111111111000000000
0000000001111111111011100000
0000000011111111100011110000
0000000111111110000001110000
0000000111111000000001110000
0000001111100000000001111000
0000011111100000000001111000
0000011111000000000000111000
0000011111000000000000111000
0000011110000000000001111000
0000011110000000000001111000
0000011110000000000001111000
0000011110000000000011110000
0000011111000000000111110000
0000011111100000011111100000
0000001111111001111111100000
0000000111111111111111000000
0000000011111111111110000000
0000000001111111111000000000
0000000000000000000000000000
0000000000000000000000000000
0000000000000000000000000000
0000000000000000000000000000
