0000000000000000000000000000
0000000000000000000000000000
0000000000000000000000000000
0000000000000000000000000000
0000000000000000000000000000
0000000000000000111110000000
0000000000000011111111000000
0000000000001111111111110000
0000000000011111111111111000
0000000000111111111111111000
0000000011111111111111111000
0000000111111111111111111000
0000000111111110011111111000
0000001111111100000111111000
0000001111111000001111111000
0000011111110000111111111000
0000011111101111111111110000
0000011111111111111111000000
0000011111111111111111000000
0000011111111111111100000000
0000011111111111110000000000
0000011111111110000000000000
0000000111111100000000000000
0000000000000000000000000000
0000000000000000000000000000
0000000000000000000000000000
0000000000000000000000000000
0000000000000000000000000000
