0000000000000000000000000000
0000000000000000000000000000
0000000000000000000000000000
0000000000000000000000000000
0000000000000000000000000000
0000000000000000000000000000
0000000000000001111111110000
0000000000000111111111111000
0000000000001111111111111000
0000000000001111111111111000
0000000000111111100001111000
0000000001111111000011111000
0000000011111100000011111000
0000000011111100000011110000
0000001111111000001111110000
0000001111110000001111100000
0000001111100000011111100000
0000001111000001111111000000
0000011111001111111100000000
0000011110111111111000000000
0000011111111111110000000000
0000011111111111000000000000
0000011111111100000000000000
0000001111000000000000000000
0000000000000000000000000000
0000000000000000000000000000
0000000000000000000000000000
0000000000000000000000000000
