0000000000000000000000000000
0000000000000000000000000000
0000000000000000000000000000
0000000000000000000000000000
0000000000011101110000000000
0000000000111111111000000000
0000000000111111111100000000
0000000000111111011110000000
0000000001111100011110000000
0000000001111100011110000000
0000000011111000011110000000
0000000111111000001110000000
0000000111110000001111000000
0000000111100000011111000000
0000001111100000011111000000
0000001111100000011110000000
0000001111000000011110000000
0000001111000000111110000000
0000001111000001111110000000
0000000111000011111110000000
0000000111101111111100000000
0000000111111111111000000000
0000000001111111110000000000
0000000000111111000000000000
0000000000000000000000000000
0000000000000000000000000000
0000000000000000000000000000
0000000000000000000000000000
