0000000000000000000000000000
0000000000000000000000000000
0000000000000000000000000000
0000000000000000000000000000
0000000000000111100000000000
0000000000001111110111100000
0000000000011111111111110000
0000000000111111101111110000
0000000000111111001111110000
0000000011111111001111110000
0000000011111111000111110000
0000000111111100000011110000
0000000111111000000011110000
0000000111110000000111110000
0000001111100000001111110000
0000001111000000001111110000
0000001111000000011111100000
0000011111000000111111000000
0000011111000001111111000000
0000011111001111111110000000
0000011111111111111100000000
0000011111111111111000000000
0000001111111111110000000000
0000000111111110000000000000
0000000000000000000000000000
0000000000000000000000000000
0000000000000000000000000000
0000000000000000000000000000
