0000000000000000000000000000
0000000000000000000000000000
0000000000000000000000000000
0000000000000000000000000000
0000000000000011110000000000
0000000000000111111000000000
0000000000011111111110000000
0000000000111100011110000000
0000000001111000000111000000
0000000001110000000111000000
0000000001110000000011100000
0000000001100000000011100000
0000000011100000000011100000
0000000011100000000011100000
0000000111000000000011000000
0000000111000000000011000000
0000000111000000000111000000
0000000111000000000111000000
0000000111000000001110000000
0000000111000000001110000000
0000000111000000011110000000
0000000111100011111100000000
0000000011111111111000000000
0000000001111111100000000000
0000000000000000000000000000
0000000000000000000000000000
0000000000000000000000000000
0000000000000000000000000000
