0000000000000000000000000000
0000000000000000000000000000
0000000000000000000000000000
0000000000000000000000000000
0000000000000000000000000000
0000000000000000000000000000
0000000000001111111110000000
0000000001111111111111000000
0000000111111100001111100000
0000001111110000000011100000
0000011111000000000011110000
0000111110000000000001110000
0000111100000000000001110000
0000111000000000000001110000
0000111000000000000001110000
0000111000110000000000110000
0000111100111100000001110000
0000111111111100000001110000
0000011111111111100011110000
0000001111111111111111110000
0000000001111111111111100000
0000000000000000111111000000
0000000000000000000000000000
0000000000000000000000000000
0000000000000000000000000000
0000000000000000000000000000
0000000000000000000000000000
0000000000000000000000000000
