0000000000000000000000000000
0000000000000000000000000000
0000000000000000000000000000
0000000000000000000000000000
0000000000001111110000000000
0000000000001111111000000000
0000000000011111111000000000
0000000001111111111111000000
0000000011111001111111000000
0000000011111011111111100000
0000000011110111111111110000
0000000111111111111111111000
0000001111101111100111111000
0000011111101110000001111000
0000011111000000000001111000
0000011111000000000001111000
0000011110000000000001111000
0000011110000000000111111000
0000011110000000001111111000
0000011110000000011111110000
0000011111111111111111100000
0000011111111111111111000000
0000011111111111111000000000
0000000111111111000000000000
0000000000000000000000000000
0000000000000000000000000000
0000000000000000000000000000
0000000000000000000000000000
