0000000000000000000000000000
0000000000000000000000000000
0000000000000000000000000000
0000000000000000000000000000
0000000000000000000000000000
0000000000011111111000000000
0000000001111111111100000000
0000000011111111111110000000
0000000111111111111110000000
0000001111110000011111000000
0000001111100000011111000000
0000011111100000001111000000
0000011111100000001111000000
0000011111100000001111000000
0000001111100000000111000000
0000000111100000000111000000
0000000111100000000111000000
0000000111100000001111000000
0000000011100000001111000000
0000000011110000001111000000
0000000011111000011110000000
0000000011111110111110000000
0000000001111111111100000000
0000000000111111111000000000
0000000000011111110000000000
0000000000000000000000000000
0000000000000000000000000000
0000000000000000000000000000
