0000000000000000000000000000
0000000000000000000000000000
0000000000000000000000000000
0000000000000000000000000000
0000000000001111111100000000
0000000000011111111110000000
0000000000111111111111000000
0000000001111111111111100000
0000000111111110001111100000
0000000111111000000011110000
0000000111111000000011110000
0000001111100000000011110000
0000001111000000000011110000
0000011111000000000011110000
0000011111000000000011100000
0000011111000000000111100000
0000011111000000001111100000
0000011111000000011111100000
0000011111000000011111100000
0000011111000001111110000000
0000011111001111111100000000
0000011111111111111100000000
0000000111111111110000000000
0000000111111111100000000000
0000000000000000000000000000
0000000000000000000000000000
0000000000000000000000000000
0000000000000000000000000000
