0000000000000000000000000000
0000000000000000000000000000
0000000000000000000000000000
0000000000000000000000000000
0000000000000111111110000000
0000000000000111111111000000
0000000000001111111111100000
0000000000111100000011100000
0000000000100000000011100000
0000000000000000000011100000
0000000001100000000011100000
0000000011110000001111100000
0000000111110000001111100000
0000000111100000001111100000
0000001111000000011111000000
0000011111000000011111000000
0000011110000000111110000000
0000011100000001111100000000
0000111100000111111000000000
0000111100001111110000000000
0000011100111111110000000000
0000011111111111100000000000
0000011111111110000000000000
0000001111111100000000000000
0000000000000000000000000000
0000000000000000000000000000
0000000000000000000000000000
0000000000000000000000000000
