0000000000000000000000000000
0000000000000000000000000000
0000000000000000000000000000
0000000000000000000000000000
0000000000000001111110000000
0000000000000011111111000000
0000000000000111111111100000
0000000001110111110111100000
0000000011110111000111100000
0000000011110111000011100000
0000000111100111000011100000
0000000111100110000011100000
0000000111100000000011100000
0000000111100000000011100000
0000000111100000000111100000
0000000111100000000111100000
0000000111000000001111000000
0000000111100000001111000000
0000000111100000011110000000
0000000111100000111110000000
0000000111110001111100000000
0000000011111011111100000000
0000000011111111111000000000
0000000001111111110000000000
0000000000000000000000000000
0000000000000000000000000000
0000000000000000000000000000
0000000000000000000000000000
