0000000000000000000000000000
0000000000000000000000000000
0000000000000000000000000000
0000000000000011111000000000
0000000000000111111000000000
0000000000000111111000000000
0000000000001111111100000000
0000000000011111011100000000
0000000000111110001110000000
0000000000111110001110000000
0000000001111100001110000000
0000000001111000001110000000
0000000011110000001110000000
0000000011110000001110000000
0000000111100000011110000000
0000000111100000011110000000
0000000111000000111110000000
0000000111000001111100000000
0000001111000111111100000000
0000000111011111111000000000
0000000111111111110000000000
0000000111111111000000000000
0000000011111110000000000000
0000000000000000000000000000
0000000000000000000000000000
0000000000000000000000000000
0000000000000000000000000000
0000000000000000000000000000
