0000000000000000000000000000
0000000000000000000000000000
0000000000000000000000000000
0000000000000000000000000000
0000000000000000000111000000
0000000000111111000111100000
0000000001111111100111110000
0000000011111111100011110000
0000000011111111100011110000
0000000111111000000011110000
0000000111110000000011110000
0000000111110000000011110000
0000000111100000000011110000
0000001111100000000011110000
0000001111100000000011110000
0000001111100000000011110000
0000001111100000000011110000
0000001111100000000011110000
0000001111100000000111100000
0000001111110000011111100000
0000000111111111111111000000
0000000111111111111110000000
0000000001111111111110000000
0000000000011111110000000000
0000000000000000000000000000
0000000000000000000000000000
0000000000000000000000000000
0000000000000000000000000000
