0000000000000000000000000000
0000000000000000000000000000
0000000000000000000000000000
0000000000000000000000000000
0000000000000011110000000000
0000000000011101111100000000
0000000000111100111110000000
0000000001111100111111000000
0000000011111100001111100000
0000000111111000000111110000
0000000111110000000111110000
0000001111100000000111110000
0000001111000000000111110000
0000011111000000000111110000
0000011110000000000111100000
0000111110000000001111100000
0000111100000000001111100000
0000011100000000011111000000
0000011100000000111111000000
0000011110000011111110000000
0000011111111111111100000000
0000001111111111111100000000
0000001111111111110000000000
0000000011111111000000000000
0000000000000000000000000000
0000000000000000000000000000
0000000000000000000000000000
0000000000000000000000000000
