0000000000000000000000000000
0000000000000000000000000000
0000000000000000000000000000
0000000000000000000000000000
0000000000000111110000000000
0000000000011111111000000000
0000000000111111111000000000
0000000000111111111100000000
0000000000111100111100000000
0000000000111000111100000000
0000000001111000011100000000
0000000001111000011100000000
0000000001110000011100000000
0000000011110000011110000000
0000000011100000011110000000
0000000011100000011110000000
0000000011100000011110000000
0000000111100000001110000000
0000000111100000001110000000
0000000111000000011110000000
0000000111000000111100000000
0000000111000011111100000000
0000000111111111111000000000
0000000111111111100000000000
0000000000000000000000000000
0000000000000000000000000000
0000000000000000000000000000
0000000000000000000000000000
