0000000000000000000000000000
0000000000000000000000000000
0000000000000000000000000000
0000000000000000000000000000
0000000000000001111100000000
0000000000000111111110000000
0000000000001111111111000000
0000000000001111111111100000
0000000000111111111111110000
0000000001111111110011110000
0000000111111111110001110000
0000000111111111000001110000
0000001111111000000001110000
0000011111100000000001110000
0000011111100000000001110000
0000011110000000000001111000
0000011110000000000001110000
0000011110000000000011110000
0000011111100000001111110000
0000001111110001111111110000
0000001111111111111111100000
0000001111111111111111000000
0000000111111111111110000000
0000000001111111111100000000
0000000000000000000000000000
0000000000000000000000000000
0000000000000000000000000000
0000000000000000000000000000
