0000000000000000000000000000
0000000000000000000000000000
0000000000000000000000000000
0000000000000011100000000000
0000000000000011100100000000
0000000000000111101111000000
0000000000111111001111000000
0000000001111110001111100000
0000000011111100001111100000
0000000111111000001111100000
0000001111110000001111100000
0000011111100000001111100000
0000011111000000001111100000
0000111110000000001111100000
0000111100000000001111100000
0000111100000000001111100000
0000111100000000001111100000
0000111110000000011111100000
0000111111100011111111000000
0000011111111111111111000000
0000001111111111111110000000
0000000111111111111100000000
0000000001111111100000000000
0000000000000000000000000000
0000000000000000000000000000
0000000000000000000000000000
0000000000000000000000000000
0000000000000000000000000000
