0000000000000000000000000000
0000000000000000000000000000
0000000000000000000000000000
0000000000000000000000000000
0000000000000000011110000000
0000000000000000111110000000
0000000000000011111110000000
0000000000001111111110000000
0000000000001111111110000000
0000000000011111111111000000
0000000000111110001111000000
0000000001111100000111000000
0000000011111000000011100000
0000000111110000000011000000
0000000111100000000011100000
0000001111100000000011100000
0000001110000000001111000000
0000001110000000011111000000
0000001110000100111110000000
0000011100001101111100000000
0000011100001111111000000000
0000011111111111110000000000
0000011111111111000000000000
0000001111110000000000000000
0000000000000000000000000000
0000000000000000000000000000
0000000000000000000000000000
0000000000000000000000000000
