0000000000000000000000000000
0000000000000000000000000000
0000000000000000000000000000
0000000000000111100000000000
0000000000000111110000000000
0000000000000111111000000000
0000000000000111111000000000
0000000000000011111100000000
0011000000000001111110000000
0011000000000011111110000000
0000000000001111111110000000
0000000000111111111110000000
0000000001111111111110000000
0000000011111110111110000000
0000000111111000111110000000
0000001111110000011110000000
0000001111100000111110000000
0000001111000000111110000000
0000001111000001111110000000
0000001111100111111100000000
0000001111111111111000000000
0000001111111111110000000000
0000000111111111100000000000
0000000000000000000000000000
0000000000000000000000000000
0000000000000000000000000000
0000000000000000000000000000
0000000000000000000000000000
