0000000000000000000000000000
0000000000000000000000000000
0000000000000000000000000000
0000000000000011100000000000
0000000000000111100000000000
0000000000001111000000000000
0000000000001111110000000000
0000000000001111111000000000
0000000000011110111000000000
0000000000011110011000000000
0000000000011110011000000000
0000000000011100011000000000
0000000000011100011100000000
0000000000011100011100000000
0000000000111100011100000000
0000000000111100111100000000
0000000000011100111000000000
0000000000011100111000000000
0000000000011111111000000000
0000000000011111111000000000
0000000000011111111000000000
0000000000011111110000000000
0000000000001111100000000000
0000000000000000000000000000
0000000000000000000000000000
0000000000000000000000000000
0000000000000000000000000000
0000000000000000000000000000
