0000000000000000000000000000
0000000000000000000000000000
0000000000000000000000000000
0000000000000000000000000000
0000000000000000111100000000
0000000000011111111111000000
0000000000111111111111100000
0000000001111111111111110000
0000000011111111100011110000
0000000111110111100001111000
0000001111000111000000111000
0000001110001111000000111000
0000011110001110000000111000
0000011110001110000000111000
0000011100001110000000111000
0000011100000110000001111000
0000011110000000000011111000
0000011110000000000011110000
0000001111000000001111110000
0000001111000000011111100000
0000001111111111111111000000
0000000111111111111100000000
0000000011111111111000000000
0000000000111110000000000000
0000000000000000000000000000
0000000000000000000000000000
0000000000000000000000000000
0000000000000000000000000000
