0000000000000000000000000000
0000000000000000000000000000
0000000000000000000000000000
0000000000000000000000000000
0000000000111111100000000000
0000000000111111111000000000
0000000000111101111100000000
0000000000111110111100000000
0000000000111110011110000000
0000000001111110011110000000
0000000001111000001111000000
0000000011110000001111000000
0000000011110000001111000000
0000000011110000000111000000
0000000011110000000111000000
0000000011100000000111000000
0000000011100000000111000000
0000000111100000000111000000
0000000111100000001111000000
0000000011100000011111000000
0000000011110001111110000000
0000000011111111111100000000
0000000011111111110000000000
0000000001111111100000000000
0000000000000000000000000000
0000000000000000000000000000
0000000000000000000000000000
0000000000000000000000000000
