0000000000000000000000000000
0000000000000000000000000000
0000000000000000000000000000
0000000000000000000000000000
0000000000000000000000000000
0000000000000011111100000000
0000000000000111111110000000
0000000000000111001111000000
0000000000001111100111110000
0000000000111111100011111000
0000000001111100000000111000
0000000011100000000000111000
0000000111100000000000110000
0000000111000000000000110000
0000001111000000000001110000
0000001110000000000001110000
0000001100000000000011100000
0000001100000000000111000000
0000011100000000001111000000
0000011100000000011110000000
0000011100000000111100000000
0000011100000001111000000000
0000011110001111100000000000
0000001111111111000000000000
0000000111111100000000000000
0000000000000000000000000000
0000000000000000000000000000
0000000000000000000000000000
