0000000000000000000000000000
0000000000000000000000000000
0000000000000000000000000000
0000000000000000000000000000
0000000000000000000000000000
0000000000000000000000000000
0000000000000000000000000000
0000000000111111111111100000
0000000001111111111111110000
0000000011111111111111110000
0000000111111111111111111000
0000000111111111111111111000
0000001111111111111111111000
0000011111101111100000111000
0000011111001110000001111000
0000011110000000000011111000
0000011110000000001111111000
0000011110000001111111110000
0000011111111111111111000000
0000011111111111111000000000
0000011111111111110000000000
0000011111111111110000000000
0000000000111100000000000000
0000000000000000000000000000
0000000000000000000000000000
0000000000000000000000000000
0000000000000000000000000000
0000000000000000000000000000
