0000000000000000000000000000
0000000000000000000000000000
0000000000000000000000000000
0000000000000000000000000000
0000000000000000001111000000
0000000000000000011111100000
0000000000000000111111110000
0000000000000011111111110000
0000000000000011111111110000
0000000000011111100000110000
0000000000111111000000110000
0000000001111100000011110000
0000000000110000000111110000
0000000111000000001111100000
0000001111000000111111100000
0000011110000000111111000000
0000111110000011111111000000
0000111000000011111110000000
0000111000001111111100000000
0000110011111111110000000000
0000111111111111000000000000
0000111111111100000000000000
0000111111111000000000000000
0000011111000000000000000000
0000000000000000000000000000
0000000000000000000000000000
0000000000000000000000000000
0000000000000000000000000000
