0000000000000000000000000000
0000000000000000000000000000
0000000000000000000000000000
0000000000000000000000000000
0000000000000000011110000000
0000000000000001111110000000
0000000000000111111100000000
0000000000001111100000000000
0000000000011111000011000000
0000000000111110000011000000
0000000001111100000011000000
0000000011111000000111000000
0000000011100000000111000000
0000000111100000000111000000
0000000111100000001111000000
0000000111100000001110000000
0000000111100000001100000000
0000000111100000011100000000
0000000011110000111100000000
0000000001110000011100000000
0000000001111001111000000000
0000000000111111111000000000
0000000000011111110000000000
0000000000011111000000000000
0000000000000000000000000000
0000000000000000000000000000
0000000000000000000000000000
0000000000000000000000000000
