0000000000000000000000000000
0000000000000000000000000000
0000000000000000000000000000
0000000000000000000111000000
0000000000000000111111000000
0000000000000001111111000000
0000000000000011111111000000
0000000000000111111111000000
0000000000011111100111000000
0000000000011111100011100000
0000000000111111000011100000
0000000011111100000011100000
0000000011111000000011100000
0000000111110000000011000000
0000001111110000000111000000
0000001111100000001111000000
0000001111000000001111000000
0000001110000000111111000000
0000001110000011111110000000
0000011110111111111100000000
0000001111111111111000000000
0000001111111111100000000000
0000001111111111000000000000
0000000000000000000000000000
0000000000000000000000000000
0000000000000000000000000000
0000000000000000000000000000
0000000000000000000000000000
