0000000000000000000000000000
0000000000000000000000000000
0000000000000000000000000000
0000000000000000000000000000
0000000000000000000000000000
0000000000001111000000000000
0000000000111111100000000000
0000000001111111100000000000
0000000011111111111111000000
0000000011111111111111100000
0000000111111111111111110000
0000000111101111100011111000
0000001111100111000001111100
0000001111000000000000111100
0000001111000000000000011100
0000001111000000000000011100
0000001111000000000000011100
0000001111000000000000011100
0000001111000000000000111100
0000001111100000000111111100
0000000111110000111111111000
0000000111111111111111110000
0000000011111111111110000000
0000000001111111100000000000
0000000000011110000000000000
0000000000000000000000000000
0000000000000000000000000000
0000000000000000000000000000
