0000000000000000000000000000
0000000000000000000000000000
0000000000000000000000000000
0000000000000000000000000000
0000000000000000000000000000
0000000000111111110000000000
0000000001111111111000000000
0000000001100000111000000000
0000000001100000011100000000
0000000011100000001110000000
0000000011000000000110000000
0000000111000000000111000000
0000000110000000000111000000
0000000110000000000111000000
0000000110000000000111000000
0000001110000000000111000000
0000001100000000000111000000
0000001110000000000111000000
0000001100000000000111000000
0000001110000000000110000000
0000001110000000000110000000
0000000110000000000110000000
0000000110000000000110000000
0000000111000000011110000000
0000000011100011111100000000
0000000000000000000000000000
0000000000000000000000000000
0000000000000000000000000000
