0000000000000000000000000000
0000000000000000000000000000
0000000000000000000000000000
0000000000000000000000000000
0000000000000000000000000000
0000000000000011110111000000
0000000000000111111111100000
0000000000001111111111110000
0000000000011111111101111000
0000000000011111111000111000
0000000000111111110000111000
0000000001111111000000111000
0000000011111110000001110000
0000000011111110000001110000
0000000111111100000011110000
0000000111111000000011100000
0000001111111000000111000000
0000011110110000001111000000
0000011110110000011110000000
0000011100110000111100000000
0000011100110001111000000000
0000011100000111110000000000
0000011100011111100000000000
0000011111111111000000000000
0000011111111100000000000000
0000000000000000000000000000
0000000000000000000000000000
0000000000000000000000000000
