0000000000000000000000000000
0000000000000000000000000000
0000000000000000000000000000
0000000000000000000000000000
0000000000000000000000000000
0000000000001111111111000000
0000000001111111111111100000
0000000001111111111111100000
0000000001111111111111110000
0000000001111111111111110000
0000000000111111101111111000
0000000001111111100111111000
0000000001111111100011111000
0000000111111110000011111000
0000000111111100000011110000
0000000111111000001111110000
0000001111110000011111110000
0000001111110000111111100000
0000011111110111111111000000
0000011111111111111111000000
0000011111111111111110000000
0000011111111111111100000000
0000011111111111110000000000
0000011111111111100000000000
0000001111111100000000000000
0000000000000000000000000000
0000000000000000000000000000
0000000000000000000000000000
