0000000000000000000000000000
0000000000000000000000000000
0000000000000000000000000000
0000000000000000000000000000
0000000000000001111000000000
0000000000000011111100000000
0000000000000011111100000000
0000000000000111111110000000
0000000000001111111110000000
0000000000011111111110000000
0000000000011111011110000000
0000000000111111011110000000
0000000000111110011111000000
0000000001111100011111000000
0000000011111100011111000000
0000000111111000011110000000
0000000111110000111110000000
0000001111100001111110000000
0000001111100011111100000000
0000001111101111111000000000
0000001111111111111000000000
0000001111111111100000000000
0000000111111110000000000000
0000000111111000000000000000
0000000000000000000000000000
0000000000000000000000000000
0000000000000000000000000000
0000000000000000000000000000
