0000000000000000000000000000
0000000000000000000000000000
0000000000000000000000000000
0000000000000000000000000000
0000000000000000001110000000
0000000000000000111111000000
0000000000000011111111000000
0000000000000111111111000000
0000000000011111000011000000
0000000000111110000011100000
0000000000111100000011100000
0000000001111000000011100000
0000000001110000000011000000
0000000011110000000111000000
0000000111100000001111000000
0000000111000000001111000000
0000000111000000001110000000
0000000111000000011100000000
0000000111000000011100000000
0000000110000001111000000000
0000000111000011110000000000
0000000111100111110000000000
0000000111111111000000000000
0000000001111110000000000000
0000000000000000000000000000
0000000000000000000000000000
0000000000000000000000000000
0000000000000000000000000000
