0000000000000000000000000000
0000000000000000000000000000
0000000000000000000000000000
0000000000000000000000000000
0000000000000011100000000000
0000000000001111100000000000
0000000000111111100000000000
0000000001111111100000000000
0000000001111101110000000000
0000000001111000110000000000
0000000000111000111000000000
0000000000110000011000000000
0000000000110000001100000000
0000000001110000001100000000
0000000001110000001110000000
0000000001100000000110000000
0000000001100000000110000000
0000000001100000001110000000
0000000001100000001100000000
0000000001100000011100000000
0000000001110000011100000000
0000000001111001111000000000
0000000000111111110000000000
0000000000011111100000000000
0000000000000000000000000000
0000000000000000000000000000
0000000000000000000000000000
0000000000000000000000000000
