0000000000000000000000000000
0000000000000000000000000000
0000000000000000000000000000
0000000000000000000000000000
0000000000011111100000000000
0000000000111111111000000000
0000000001111111111100000000
0000000011111001111111000000
0000000111100000011111000000
0000001111000000000111100000
0000001110000000000011110000
0000011100000000000001110000
0000011100000000000001110000
0000111000000000000001110000
0000110000000000000001110000
0000110000000000000001110000
0000111000000000000001100000
0000111000000000000011100000
0000011100000000000111100000
0000011111000000000111100000
0000011111111000011111000000
0000000111111111111110000000
0000000011111111111110000000
0000000001111111111000000000
0000000000000000000000000000
0000000000000000000000000000
0000000000000000000000000000
0000000000000000000000000000
