0000000000000000000000000000
0000000000000000000000000000
0000000000000000000000000000
0000000000000000000000000000
0000000000000000000000000000
0000000000000000000000000000
0000000011111100000000000000
0000000111111110000000000000
0000000111111111100000000000
0000011111111111111100000000
0000011111111111111100000000
0000011111101111111111111000
0000011111000111111111111000
0000011111000000000011111000
0000001111110000000000111000
0000001111110000000000011000
0000000111111100000001111000
0000000111111110000001111000
0000000011111110000011111000
0000000000111111111111110000
0000000000011111111111100000
0000000000000111111111000000
0000000000000000000000000000
0000000000000000000000000000
0000000000000000000000000000
0000000000000000000000000000
0000000000000000000000000000
0000000000000000000000000000
