0000000000000000000000000000
0000000000000000000000000000
0000000000000000000000000000
0000000000000000000000000000
0000000000000000000011000000
0000000000000000000111111000
0000000000000001111111111000
0000000000000111111111111000
0000000000000111111100111000
0000000000011111110001111000
0000000000011111000001111000
0000000001111110000001110000
0000000011111100000111110000
0000000111110000000111100000
0000000111110000001111100000
0000001111100000011111000000
0000011111000000111110000000
0000011110000001111100000000
0000011110000111111100000000
0000011110111111110000000000
0000011111111111100000000000
0000011111111110000000000000
0000011111110000000000000000
0000000000000000000000000000
0000000000000000000000000000
0000000000000000000000000000
0000000000000000000000000000
0000000000000000000000000000
