0000000000000000000000000000
0000000000000000000000000000
0000000000000000000000000000
0000000000000001111100000000
0000000000000011111111000000
0000000000000011111111000000
0000000000011111111111000000
0000000000011111111100000000
0000000000111111111110000000
0000000111111111111110000000
0000000111111100111111000000
0000000111111000111111000000
0000000111000000111111000000
0000000000000000111111000000
0000011100000000111111000000
0000011100000000111111000000
0000111100000000111110000000
0000111100000011111100000000
0000111111111111111100000000
0000111111111111111100000000
0000011111111111111100000000
0000001111111111111000000000
0000000111111111100000000000
0000000000000000000000000000
0000000000000000000000000000
0000000000000000000000000000
0000000000000000000000000000
0000000000000000000000000000
