0000000000000000000000000000
0000000000000000000000000000
0000000000000000000000000000
0000000000000000000000000000
0000000000000000011000000000
0000000000000000011100000000
0000000000000001111110000000
0000010000000011111110000000
0000010000000111101110000000
0000000000000111111110000000
0000000000001111011100000000
0000000000001110011100000000
0000000000011100011100000000
0000000000011100011100000000
0000000000111000111000000000
0000000001111000111000000000
0000000001111001111000000000
0000000001110001110000000000
0000000011100011100000000000
0000000011100011100000000000
0000000011101111000000000000
0000000011111111000000000000
0000000011111110000000000000
0000000011111100000000000000
0000000000000000000000000000
0000000000000000000000000000
0000000000000000000000000000
0000000000000000000000000000
