0000000000000000000000000000
0000000000000000000000000000
0000000000000000000000000000
0000000000000000000000000000
0000000000000011111100000000
0000000000001111111110000000
0000000000001111111110000000
0000000000111111111000000000
0000000000111111111000000000
0000000001111110111100000000
0000000001111000111100000000
0000000011111000111100000000
0000000011111000111100000000
0000000011110000111100000000
0000000011110000111100000000
0000000011110000111110000000
0000000011110000111100000000
0000000111110000111000000000
0000000111100000111000000000
0000000111110001111000000000
0000000011111111111000000000
0000000011111111111000000000
0000000001111111110000000000
0000000001111111100000000000
0000000000000000000000000000
0000000000000000000000000000
0000000000000000000000000000
0000000000000000000000000000
