0000000000000000000000000000
0000000000000000000000000000
0000000000000000000000000000
0000000000000000000000000000
0000000000000011111000000000
0000000000000111111100000000
0000000000000111111110000000
0000000000000111111110000000
0000000000001111111111000000
0000000000011111101111000000
0000000000111111001111000000
0000000000111111001111100000
0000000001111100001111000000
0000000001111100001111000000
0000000011111000000111100000
0000000011110000000111100000
0000000111110000001111000000
0000000111100000001111000000
0000001111100000011111000000
0000001111000000111110000000
0000011111000111111100000000
0000011111111111111000000000
0000001111111111100000000000
0000001111111110000000000000
0000000000000000000000000000
0000000000000000000000000000
0000000000000000000000000000
0000000000000000000000000000
