0000000000000000000000000000
0000000000000000000000000000
0000000000000000000000000000
0000000000110001110000000000
0000000000110001111000000000
0000000001110000111100000000
0000000001110000011110000000
0000000011110000001110000000
0000000011100000000111000000
0000000111100000000111000000
0000000111100000000111000000
0000000111000000000011100000
0000000111000000000011100000
0000000111000000000011100000
0000000111000000000011100000
0000000111000000000011100000
0000000111000000000011100000
0000000111100000000111100000
0000000111100000001111000000
0000000111110000011111000000
0000000011111111111110000000
0000000001111111111100000000
0000000000111111110000000000
0000000000000000000000000000
0000000000000000000000000000
0000000000000000000000000000
0000000000000000000000000000
0000000000000000000000000000
