0000000000000000000000000000
0000000000000000000000000000
0000000000000000000000000000
0000000000000000000000000000
0000000000000000000000000000
0000000000011111111000000000
0000000000111111111100000000
0000000000111111111110000000
0000000001111111111111000000
0000000001111100011111000000
0000000011110000000111000000
0000000111110000000111000000
0000000111100000000011100000
0000000111100000000011100000
0000000111000000000011100000
0000000111000000000011100000
0000000111000000000011100000
0000000111000000000011100000
0000000111000000000111100000
0000000111100000000111000000
0000000011110000001111000000
0000000011111000011110000000
0000000001111111111100000000
0000000001111111111000000000
0000000000011111110000000000
0000000000000000000000000000
0000000000000000000000000000
0000000000000000000000000000
