0000000000000000000000000000
0000000000000000000000000000
0000000000000000000000000000
0000000000000000000000000000
0000000001111111100000000000
0000000011111111111000000000
0000000111111111111100000000
0000000111111111111110000000
0000000111100110011110000000
0000001111000110000111000000
0000001111000000000111000000
0000001111000000000011100000
0000001110000000000001100000
0000000110000000000001100000
0000000111000000000001110000
0000000111000000000011110000
0000000111000000000011110000
0000000011100000000111110000
0000000011100000001111100000
0000000001110000011111100000
0000000001111111111111100000
0000000000111111111111000000
0000000000111111111110000000
0000000000001111111100000000
0000000000000000000000000000
0000000000000000000000000000
0000000000000000000000000000
0000000000000000000000000000
