0000000000000000000000000000
0000000000000000000000000000
0000000000000000000000000000
0000000000000000000000000000
0000000000000000000000000000
0000000000000001111000000000
0000000000000011111000000000
0000000000000111111000000000
0000000000001111111100000000
0000000000001111111110000000
0000000000011111111111000000
0000000000011111111111000000
0000000000111111001111000000
0000000000111111001110000000
0000000001111100011110000000
0000000001111000011100000000
0000000001111000111100000000
0000000001110000111100000000
0000000001110001111000000000
0000000011110001110000000000
0000000011110011110000000000
0000000001111111100000000000
0000000001111111000000000000
0000000001111111000000000000
0000000000111100000000000000
0000000000000000000000000000
0000000000000000000000000000
0000000000000000000000000000
