0000000000000000000000000000
0000000000000000000000000000
0000000000000000000000000000
0000000000000000000000000000
0000000000000000000000000000
0000000000000001111111000000
0000000000000011111111000000
0000000000000111111111100000
0000000000001111111111100000
0000000000011111011111100000
0000000000111111111111100000
0000000001111101111111100000
0000000011111001110111100000
0000000111110000000111100000
0000000111110000001111000000
0000000111100000001111000000
0000001111000000001111000000
0000001111000000011110000000
0000001111000000111110000000
0000011110000001111100000000
0000011110000011111100000000
0000011111001111111000000000
0000011111111111100000000000
0000001111111111000000000000
0000001111111110000000000000
0000000000000000000000000000
0000000000000000000000000000
0000000000000000000000000000
