0000000000000000000000000000
0000000000000000000000000000
0000000000000000000000000000
0000000000000000000000000000
0000000000000000000000000000
0000000000011111111000000000
0000000000111111111100000000
0000000001111100001110000000
0000000001111100000111000000
0000000001111000000111000000
0000000001111000000011100000
0000000001110000000011100000
0000000001110000000011100000
0000000001110000000011100000
0000000011100000000001100000
0000000011100000000001100000
0000000011100000000001100000
0000000011100000000001110000
0000000011100000000001100000
0000000011100000000001100000
0000000011100000000011100000
0000000001110000000111100000
0000000001111000001111000000
0000000000111111111110000000
0000000000011111111110000000
0000000000000000000000000000
0000000000000000000000000000
0000000000000000000000000000
