0000000000000000000000000000
0000000000000000000000000000
0000000000000000000000000000
0000000000000000000000000000
0000000000000000000000000000
0000000000000000000000000000
0000000000000011111111110000
0000000000000111111111110000
0000000000011111111111110000
0000000000111111111111110000
0000000011111111111111110000
0000000111111111001111110000
0000000111111100000011110000
0000011111111000000011110000
0000011111110000000011110000
0000011111000000001111110000
0000111111000000011111110000
0000111110000000111111100000
0000111110000111111111000000
0000111111011111111110000000
0000111111111111111000000000
0000111111111111110000000000
0000011111111110000000000000
0000011111111100000000000000
0000000000000000000000000000
0000000000000000000000000000
0000000000000000000000000000
0000000000000000000000000000
