0000000000000000000000000000
0000000000000000000000000000
0000000000000000000000000000
0000000000000000000000000000
0000000000000001111111000000
0000000000000111111111100000
0000000000001111111111100000
0000000000111111111111100000
0000000001111111000111100000
0000000011111100000011110000
0000000111111000000011110000
0000001111110000000001110000
0000001111100000000001110000
0000011111000000000001110000
0000011110000000000011110000
0000111100000000000011100000
0000111100000000000111100000
0000111100000000001111000000
0000111100000000111111000000
0000111100000001111110000000
0000111111001111111100000000
0000111111111111100000000000
0000011111111111000000000000
0000001111111100000000000000
0000000000000000000000000000
0000000000000000000000000000
0000000000000000000000000000
0000000000000000000000000000
