0000000000000000000000000000
0000000000000000000000000000
0000000000000000000000000000
0000000000000000000000000000
0000000000000000111100000000
0000000000000001111110000000
0000000000000011111110000000
0000000000000111111110000000
0000000000000111011110000000
0000000000011111001110000000
0000000000111110001110000000
0000000000111100001110000000
0000000001111000001110000000
0000000011110000011110000000
0000000011100000011110000000
0000000111100000011100000000
0000000111000000111100000000
0000000111000001111000000000
0000001110000011110000000000
0000001110000111110000000000
0000001110111111100000000000
0000001111111111000000000000
0000000111111000000000000000
0000000111100000000000000000
0000000000000000000000000000
0000000000000000000000000000
0000000000000000000000000000
0000000000000000000000000000
