0000000000000000000000000000
0000000000000000000000000000
0000000000000000000000000000
0000000000000000000000000000
0000000000000000000000000000
0000000000000000000111110000
0000000000000011111111111000
0000000000001111111100111000
0000000000001111110000110000
0000000000001111110001110000
0000000000111110000001110000
0000000000111100000011110000
0000000001111000000111100000
0000000001111000000111000000
0000000001110000000111000000
0000011011100000011110000000
0000011111100000011110000000
0000000111100000111110000000
0000000111000000111100000000
0000000111000001111000000000
0000001111000111110000000000
0000001111001111100000000000
0000001111111111000000000000
0000001111111110000000000000
0000001111111000000000000000
0000000000000000000000000000
0000000000000000000000000000
0000000000000000000000000000
