0000000000000000000000000000
0000000000000000000000000000
0000000000000000000000000000
0000000000000000000000000000
0000000000000011110000000000
0000000000001111111000000000
0000000000111110111100000000
0000000000111110001110000000
0000000001110110000111000000
0000000011100110000111000000
0000000011100110000011100000
0000000111000000000001100000
0000000111000000000001110000
0000001110000000000001110000
0000001110000000000001110000
0000001100000000000001110000
0000001100000000000001110000
0000011100000000000001110000
0000011100000000000111100000
0000011100000000001111100000
0000011100000000111111000000
0000011110001111111100000000
0000001111111111111000000000
0000001111111111000000000000
0000000000000000000000000000
0000000000000000000000000000
0000000000000000000000000000
0000000000000000000000000000
