0000000000000000000000000000
0000000000000000000000000000
0000000000000000000000000000
0000000000000000000000000000
0000000000000011111100000000
0000000000000111111110000000
0000000000001111111111000000
0000000000001111111111100000
0000000000111111100111110000
0000000000111111100011110000
0000000001111101000011110000
0000000011111000000011110000
0000000111110000000011110000
0000001111100000000001110000
0000001111000000000001110000
0000011110000000000011110000
0000111100000000000011110000
0000111100000000000111100000
0000111000000000001111100000
0000111100000000011111000000
0000111100000001111110000000
0000111111111111111100000000
0000111111111111111100000000
0000001111111111100000000000
0000000000000000000000000000
0000000000000000000000000000
0000000000000000000000000000
0000000000000000000000000000
