0000000000000000000000000000
0000000000000000000000000000
0000000000000000000000000000
0000000000000000000000000000
0000000000000000000000000000
0000000000000001111100000000
0000000000000011111110000000
0000000000000011111110000000
0000000000000011110110000000
0000000000000111110110000000
0000000000001111100110000000
0000000000001111001110000000
0000000000011110001110000000
0000000000111100001100000000
0000000001111100011110000000
0000000001111000011110000000
0000000001110000011100000000
0000000011110000111000000000
0000000011100000110000000000
0000000111100001100000000000
0000000111000001100000000000
0000000111000111000000000000
0000000111011111000000000000
0000000111111110000000000000
0000000011111000000000000000
0000000000000000000000000000
0000000000000000000000000000
0000000000000000000000000000
