0000000000000000000000000000
0000000000000000000000000000
0000000000000000000000000000
0000000000000000000000000000
0000000000000000111100000000
0000000000000001111110000000
0000000000000011111111000000
0000000000000111111111000000
0000000000001111100111000000
0000000000011111000111000000
0000000000111110000111000000
0000000000111100000111000000
0000000001111000000111000000
0000000011110000000111000000
0000000011110000001111000000
0000000111100000001111000000
0000000111100000011110000000
0000001111000000011110000000
0000001111000000111100000000
0000001111000000111100000000
0000001111000011111000000000
0000000111100011111000000000
0000000011111111110000000000
0000000001111111000000000000
0000000000000000000000000000
0000000000000000000000000000
0000000000000000000000000000
0000000000000000000000000000
