0000000000000000000000000000
0000000000000000000000000000
0000000000000000000000000000
0000000000000000000000000000
0000000000000000000000000000
0000000000000000011111100000
0000000000000000011111110000
0000000000000001111111110000
0000000000001111111111110000
0000000000111111111111100000
0000000001111111000111100000
0000100111111000000111100000
0000100111110000000111100000
0000001111000000000111100000
0000011100000000000111100000
0000111100000000001111000000
0000111000000000111111000000
0000111100000001111111000000
0000111111111111111110000000
0000111111111111111100000000
0000011111111111110000000000
0000001111111111100000000000
0000000001100000000000000000
0000000000000000000000000000
0000000000000000000000000000
0000000000000000000000000000
0000000000000000000000000000
0000000000000000000000000000
