0000000000000000000000000000
0000000000000000000000000000
0000000000000000000000000000
0000000000000011110000000000
0000000000000001111000000000
0000000000000001111100000000
0000000000110000111110000000
0000000000111100011110000000
0000000001111100011111000000
0000000001111000001111000000
0000000011111000001111000000
0000000011110000001111000000
0000000011110000001111000000
0000000011100000011111000000
0000000111100000011111000000
0000000111100000111110000000
0000000111100000111110000000
0000000111100001111100000000
0000000111100111111100000000
0000000111101111111000000000
0000000011111111100000000000
0000000001111111100000000000
0000000000111111000000000000
0000000000000000000000000000
0000000000000000000000000000
0000000000000000000000000000
0000000000000000000000000000
0000000000000000000000000000
