0000000000000000000000000000
0000000000000000000000000000
0000000000000000000000000000
0000000000000000000000000000
0000000000000000000000000000
0000000000011111110000000000
0000000000111111111000000000
0000000000111111111100000000
0000000000111111111110000000
0000000001111110011110000000
0000000011111100001111000000
0000000011111100001111000000
0000000011111000001111000000
0000000011111000001111000000
0000000011111000001111000000
0000000011111000001110000000
0000000011111000011110000000
0000000011111000011110000000
0000000011111000011100000000
0000000011111000111100000000
0000000011111001111100000000
0000000001111111111000000000
0000000000111111111000000000
0000000000111111111000000000
0000000000011111100000000000
0000000000000000000000000000
0000000000000000000000000000
0000000000000000000000000000
