0000000000000000000000000000
0000000000000000000000000000
0000000000000000000000000000
0000000000000000000000000000
0000000000000000011111000000
0000000000000001111111100000
0000000000000011111011100000
0000000000000111110011100000
0000000000011111100001110000
0000000000011111000001110000
0000000000111111000001110000
0000000001111110000001100000
0000000011111100000001100000
0000000011111100000011100000
0000000111111000000011100000
0000000111111000000011100000
0000000111111000000111100000
0000001110111000000111000000
0000001110111000011111000000
0000001110011100111110000000
0000001110001111111100000000
0000001111101111110000000000
0000000111111111100000000000
0000000011111110000000000000
0000000000000000000000000000
0000000000000000000000000000
0000000000000000000000000000
0000000000000000000000000000
