0000000000000000000000000000
0000000000000000000000000000
0000000000000000000000000000
0000000000000000000000000000
0000000000000000000000000000
0000000000000011111100000000
0000000000001111111111000000
0000000000011111111111100000
0000100000111111101111100000
0000000001111110000111110000
0000000011111100000011110000
0000000111110000000011110000
0000001111100000000001110000
0000001111000000000001110000
0000111110000000000001110000
0000111110000000000001110000
0000111100000000000011110000
0000111100000000000011110000
0000111111100000000111110000
0000011111110000111111100000
0000001111111111111111000000
0000000111111111111111000000
0000000000001111100000000000
0000000000000000000000000000
0000000000000000000000000000
0000000000000000000000000000
0000000000000000000000000000
0000000000000000000000000000
