0000000000000000000000000000
0000000000000000000000000000
0000000000000000000000000000
0000000000000000000000000000
0000000000000001111110000000
0000000000000111111111100000
0000000000000111111111100000
0000000000011111111111100000
0000000001111111111111100000
0000000001111111011111100000
0000000001111111001111100000
0000000001111100001111100000
0000000011111100001111100000
0000000011111000001111100000
0000000011110000001111100000
0000001111100000011111000000
0000011111100000111111000000
0000011111100001111110000000
0000011111100011111110000000
0000011111111111111110000000
0000011111111111111000000000
0000011111111111110000000000
0000011111111111000000000000
0000001111111100000000000000
0000000000000000000000000000
0000000000000000000000000000
0000000000000000000000000000
0000000000000000000000000000
