0000000000000000000000000000
0000000000000000000000000000
0000000000000000000000000000
0000000000000000000000000000
0000000000000000000000000000
0000000000001111000000000000
0000000000011111100000000000
0000000000001111111000000000
0000000000001111111000000000
0000000000011101111100000000
0000000000011100111100000000
0000000000011100111100000000
0000000000111000011110000000
0000000000111000001110000000
0000000000111000001110000000
0000000001110000001110000000
0000000001110000001110000000
0000000001110000001110000000
0000000001110000001110000000
0000000001110000001100000000
0000000001110000011100000000
0000000001110001111000000000
0000000001110111110000000000
0000000000111111100000000000
0000000000111111000000000000
0000000000000000000000000000
0000000000000000000000000000
0000000000000000000000000000
