0000000000000000000000000000
0000000000000000000000000000
0000000000000000000000000000
0000000000000000000000000000
0000000000000000111110000000
0000000000000011111110000000
0000000000000111111111000000
0000000000011111111111100000
0000000000111111111111110000
0000000001111110001111110000
0000000011111000000101110000
0000000011110000000001110000
0000000111100000000001110000
0000001111000000000001110000
0000001111000000000011110000
0000011110000000000111110000
0000011100000000001111100000
0000011100000000011111000000
0000011100000001111110000000
0000011100000111111100000000
0000011111111111111000000000
0000001111111111110000000000
0000001111111111000000000000
0000000111111100000000000000
0000000000000000000000000000
0000000000000000000000000000
0000000000000000000000000000
0000000000000000000000000000
