0000000000000000000000000000
0000000000000000000000000000
0000000000000000000000000000
0000000000000000000000000000
0000000000000000100001000000
0000000000000111111111110000
0000000000001111111011110000
0000000000111111110011110000
0000000001111111110011111000
0000000011111111110001111000
0000000111111110000001111000
0000001111111100000001111000
0000001111110000000001111000
0000011111100000000001111000
0000011111100000000011111000
0000011111110000000111111000
0000011111111100000111110000
0000011111111111111111110000
0000011111111111111111100000
0000001111111111111111000000
0000000111111111111110000000
0000000011111111111000000000
0000000001111110000000000000
0000000000000000000000000000
0000000000000000000000000000
0000000000000000000000000000
0000000000000000000000000000
0000000000000000000000000000
