0000000000000000000000000000
0000000000000000000000000000
0000000000000000000000000000
0000000000000000000000000000
0000000000000111111100000000
0000000000001111111110000000
0000000000001111111111000000
0000000000011111111111000000
0000000000111111101111000000
0000000000111111000111000000
0000000011111110000111100000
0000000011111100000111100000
0000000011111000000111100000
0000000111110000001111100000
0000001111100000011111000000
0000001111100000011111000000
0000011111000000111110000000
0000011111000001111110000000
0000011110000011111100000000
0000011110000111111000000000
0000011111111111110000000000
0000011111111111100000000000
0000011111111110000000000000
0000001111111100000000000000
0000000000000000000000000000
0000000000000000000000000000
0000000000000000000000000000
0000000000000000000000000000
