0000000000000000000000000000
0000000000000000000000000000
0000000000000000000000000000
0000000000000000000000000000
0000000000000000000000000000
0000000000000011111100000000
0000000000000011111110000000
0000000000000011111111000000
0000000000001111100111000000
0000000000011111000111000000
0000000000011110000111000000
0000000000111100000111100000
0000000011111000000011100000
0000000011110000000011100000
0000000111100000000011100000
0000001111000000000111100000
0000001110000000001111000000
0000011110000000001111000000
0000011100000000011110000000
0000011100000000111110000000
0000011100000001111100000000
0000011100000111111000000000
0000001111011111100000000000
0000001111111111000000000000
0000000111111110000000000000
0000000000000000000000000000
0000000000000000000000000000
0000000000000000000000000000
