0000000000000000000000000000
0000000000000000000000000000
0000000000000000000000000000
0000000000000000000000000000
0000000000000111111100000000
0000000001101111111110000000
0000000111111111111111000000
0000000111111111011111100000
0000001111111100000111100000
0000001111111100000011110000
0000001111111000000001110000
0000001111110000000001111000
0000001111100000000001111000
0000011111100000000001111000
0000011111000000000001111000
0000011111100000000001111000
0000001111111000000011110000
0000001111111000000111110000
0000001111111000000111100000
0000000111110000001111100000
0000000011111110111111000000
0000000001111111111111000000
0000000001111111111110000000
0000000000011111111000000000
0000000000000000000000000000
0000000000000000000000000000
0000000000000000000000000000
0000000000000000000000000000
