0000000000000000000000000000
0000000000000000000000000000
0000000000000000000000000000
0000000000000000000000000000
0000000000001111100000000000
0000000000011111100000000000
0000000000111111100000000000
0000000001111111111000000000
0000000001111111111111000000
0000000011110111111111000000
0000000011110001111111100000
0000000111100000001111100000
0000000111000000000111100000
0000001111000000000011110000
0000001110000000000011110000
0000001110000000000011100000
0000001110000000000111100000
0000001110000000000111100000
0000001110000000001111000000
0000001111000000011110000000
0000001111110001111110000000
0000001111111111111100000000
0000000011111111110000000000
0000000000111111100000000000
0000000000000000000000000000
0000000000000000000000000000
0000000000000000000000000000
0000000000000000000000000000
