0000000000000000000000000000
0000000000000000000000000000
0000000000000000000000000000
0000000000000000000000000000
0000000000000001110000000000
0000000000000111111111000000
0000000000001111111111000000
0000000000011111111111000000
0000000000111111101111000000
0000000001111110000111100000
0000000001111100000111100000
0000000011111100000111100000
0000000011110000000111100000
0000000011110000000111000000
0000000011100000000111000000
0000000111100000001111000000
0000000111100000011111000000
0000000111100000111110000000
0000000111111111111110000000
0000000111111111111100000000
0000000111111111111000000000
0000000111111111110000000000
0000000011111111100000000000
0000000001111110000000000000
0000000000000000000000000000
0000000000000000000000000000
0000000000000000000000000000
0000000000000000000000000000
