0000000000000000000000000000
0000000000000000000000000000
0000000000000000000000000000
0000000000000000000000000000
0000000000000000000000000000
0000000000000011111111000000
0000000000001111111111100000
0000000000011111111111100000
0000000000011111111111110000
0000000000111111111111110000
0000000000111111111011110000
0000000000111111110011111000
0000000000111111100011111000
0000000001111111000011111000
0000000011111110000111111000
0000000111111100001111100000
0000001111111000011111100000
0000001111110001111111000000
0000011111110111111110000000
0000011111111111111100000000
0000011111111111111000000000
0000011111111111110000000000
0000011111111111000000000000
0000011111111100000000000000
0000011111111000000000000000
0000000000000000000000000000
0000000000000000000000000000
0000000000000000000000000000
