0000000000000000000000000000
0000000000000000000000000000
0000000000000000000000000000
0000000000000000000000000000
0000000001111111000000000000
0000000011111111110000000000
0000000011111111111100000000
0000000011111111111100000000
0000000011111001111110000000
0000000011110000011110000000
0000000011111000001111000000
0000000011111000000111000000
0000000111100000000111100000
0000000111100000000111100000
0000000111100000000111100000
0000000111100000000111100000
0000000111100000000111100000
0000000111100000000111100000
0000000111100000000111100000
0000000011110000000111100000
0000000011111111111111000000
0000000001111111111111000000
0000000001111111111110000000
0000000000011111111100000000
0000000000000000000000000000
0000000000000000000000000000
0000000000000000000000000000
0000000000000000000000000000
