0000000000000000000000000000
0000000000000000000000000000
0000000000000000000000000000
0000000000000111111000000000
0000000000001111111100000000
0000000000001110111100000000
0000000000001100011110000000
0000000000001100001111000000
0000000000000000001111000000
0000000001111100000111000000
0000000111111110000011100000
0000001111111110000011110000
0000001111100000000011110000
0000011111000000000001110000
0000011110000000000001111000
0000011110000000000001110000
0000011110000000000001110000
0000001111000000000011110000
0000001111100000000011110000
0000001111110000001111100000
0000000111111111111111000000
0000000011111111111111000000
0000000000111111111100000000
0000000000000000000000000000
0000000000000000000000000000
0000000000000000000000000000
0000000000000000000000000000
0000000000000000000000000000
