0000000000000000000000000000
0000000000000000000000000000
0000000000000000000000000000
0000000000000000000000000000
0000000000000000000000000000
0000000000011111010000000000
0000000000111111111100000000
0000000001111111111110000000
0000000001111101111110000000
0000000011111000011111000000
0000000011110000001111100000
0000000111100000000111100000
0000000111100000000011100000
0000000111100000000011100000
0000000111000000000011100000
0000000111000000000011100000
0000000111000000000011100000
0000000111000000000111100000
0000000111000000001111100000
0000000111100000011111000000
0000000111100000111111000000
0000000111110001111110000000
0000000011111111111100000000
0000000001111111111000000000
0000000000111111100000000000
0000000000000000000000000000
0000000000000000000000000000
0000000000000000000000000000
