0000000000000000000000000000
0000000000000000000000000000
0000000000000000000000000000
0000000000000000000000000000
0000000000000000111000000000
0000000000000001111100000000
0000000000000011111100000000
0000000000000111111100000000
0000000000001111111100000000
0000000000001111001100000000
0000000000011110001110000000
0000000000111110001110000000
0000000001111100001110000000
0000000001111000001110000000
0000000001111000001110000000
0000000011110000001110000000
0000000011110000001110000000
0000000011110000011100000000
0000000011110000011100000000
0001100011110001111100000000
0001100011110001111000000000
0000000001111111110000000000
0000000001111111100000000000
0000000000111111000000000000
0000000000000000000000000000
0000000000000000000000000000
0000000000000000000000000000
0000000000000000000000000000
