0000000000000000000000000000
0000000000000000000000000000
0000000000000000000000000000
0000000000000000000000000000
0000000000011111111000000000
0000000000111111111100000000
0000000000111111111110000000
0000000001111111011111000000
0000000001111111001111000000
0000000001111111000111100000
0000000011111110000011100000
0000000011111100000011100000
0000000111110000000011110000
0000000111110000000001110000
0000001111110000000001110000
0000001111000000000011110000
0000001111000000000011110000
0000001110000000000111110000
0000001110000000001111100000
0000001110000001111111000000
0000001111101111111110000000
0000001111111111111100000000
0000000111111111110000000000
0000000111111111000000000000
0000000000000000000000000000
0000000000000000000000000000
0000000000000000000000000000
0000000000000000000000000000
