0000000000000000000000000000
0000000000000000000000000000
0000000000000000000000000000
0000000000000000000000000000
0000000000000000000000000000
0000000000000111111110000000
0000000000001111111111000000
0000000000011111111111100000
0000000001111111100111100000
0000000001111111100011100000
0000000011111011100011100000
0000000111110011100001110000
0000000111110001100001110000
0000001111110000000001110000
0000001111111000000001110000
0000001110011000000001110000
0000001110000000000011110000
0000001110000000000011110000
0000001110000000000111100000
0000001110000000001111000000
0000001110000000011111000000
0000001111000011111110000000
0000001111111111111100000000
0000000111111111110000000000
0000000001111111100000000000
0000000000000000000000000000
0000000000000000000000000000
0000000000000000000000000000
