0000000000000000000000000000
0000000000000000000000000000
0000000000000000000000000000
0000000000000000000000000000
0000000000000000000000000000
0000000000000000000000000000
0000000000000010011111100000
0000000000001111111111110000
0000000000011111111111111000
0000000001111111111111111000
0000000011111111000000111000
0000000111111110000001111000
0000001111111100000001111000
0000001111101000000011111000
0000011111000000000111110000
0000011110000000001111100000
0000011110000000011111000000
0000011110000000111111000000
0000011111110111111110000000
0000011111111111111100000000
0000001111111111111000000000
0000000111111111100000000000
0000000000000000000000000000
0000000000000000000000000000
0000000000000000000000000000
0000000000000000000000000000
0000000000000000000000000000
0000000000000000000000000000
