0000000000000000000000000000
0000000000000000000000000000
0000000000000000000000000000
0000000000000111000000000000
0000000000000111100000000000
0000000000000111100000000000
0000000000000001110000000000
0000000000000000111000000000
0000000000000110111000000000
0000000000000111111000000000
0000000000001111011100000000
0000000000011100011100000000
0000000000111000001100000000
0000000000111000001110000000
0000000001110000001110000000
0000000001110000001110000000
0000000011100000001100000000
0000000111000000001100000000
0000000111000000011100000000
0000000111000000111000000000
0000000111000001111000000000
0000000111111111100000000000
0000000011111111000000000000
0000000000000000000000000000
0000000000000000000000000000
0000000000000000000000000000
0000000000000000000000000000
0000000000000000000000000000
