0000000000000000000000000000
0000000000000000000000000000
0000000000000000000000000000
0000000000000000000000000000
0000000000000000000000000000
0000000000000011110000000000
0000000000001111111011000000
0000000000011111111111100000
0000000000011111001111100000
0000000000111100000111000000
0000000001111100000111000000
0000000001111000001111000000
0000000001111000001111000000
0000000011110000001111000000
0000000011110000001110000000
0000000111100000011110000000
0000000111100000011100000000
0000000111100000011100000000
0000000111100000111100000000
0000000111100011111000000000
0000000111100111111000000000
0000000111111111110000000000
0000000011111111100000000000
0000000011111111000000000000
0000000000111100000000000000
0000000000000000000000000000
0000000000000000000000000000
0000000000000000000000000000
