0000000000000000000000000000
0000000000000000000000000000
0000000000000000000000000000
0000000000000000000000000000
0000000000000000000000000000
0000000000001111111000000000
0000000000011111111000000000
0000000000011111111100000000
0000000000011111111100000000
0000000000111110011110000000
0000000000111110001111000000
0000000001111000001111000000
0000000001110000000111000000
0000000011110000001111000000
0000000011110000001111000000
0000000011110000001111000000
0000000011100000001111000000
0000000011100000011110000000
0000000011100000111100000000
0000000011100001111100000000
0000000011100001111000000000
0000000011100011111000000000
0000000011111111110000000000
0000000011111111000000000000
0000000001111110000000000000
0000000000000000000000000000
0000000000000000000000000000
0000000000000000000000000000
