0000000000000000000000000000
0000000000000000000000000000
0000000000000000000000000000
0000000000000000000000000000
0000000000111000000000000000
0000000000111100000000000000
0000000001111111111000000000
0000000011111111111110000000
0000000011111111111110000000
0000000011111110011111100000
0000000111111000000111110000
0000000111110000000001111000
0000001111111100000000111000
0000001111111100000000011000
0000001110000000000000011100
0000001110000000000000011100
0000001110000000000000011100
0000001110000000000000111000
0000001111000000000001111000
0000000111100000000111110000
0000000111111000011111100000
0000000011111111111111000000
0000000001111111111100000000
0000000000111111111000000000
0000000000000000000000000000
0000000000000000000000000000
0000000000000000000000000000
0000000000000000000000000000
