0000000000000000000000000000
0000000000000000000000000000
0000000000000000000000000000
0000000000000000000000000000
0000000000000000000000000000
0000000000001111111100000000
0000000000111111111111000000
0000000001111111111111100000
0000000011111111000111110000
0000000011111100000011111000
0000000111111100000001111000
0000000111111000000000111000
0000000111011000000000111000
0000001111001000000000111000
0000001110000000000000111000
0000001110000000000001111000
0000011110000000000001111000
0000011100000000000111111000
0000011100000000011111110000
0000011100000000111111100000
0000011100000111111111000000
0000011111111111111100000000
0000011111111111110000000000
0000011111111110000000000000
0000001111111000000000000000
0000000000000000000000000000
0000000000000000000000000000
0000000000000000000000000000
