0000000000000000000000000000
0000000000000000000000000000
0000000000000000000000000000
0000000000000000000000000000
0000000000000000001111100000
0000000000000000111111100000
0000000000000011111111100000
0000000000000111111111100000
0000000000000111111111100000
0000000000001111111111100000
0000000000111111101111100000
0000000000111111001111000000
0000000001111110001111000000
0000000011111100001111000000
0000000111110000011111000000
0000000111100000011110000000
0000001111100000111110000000
0000011111100001111100000000
0000011111000011111000000000
0000011110011111110000000000
0000011111111111100000000000
0000011111111111000000000000
0000011111111100000000000000
0000001111110000000000000000
0000000000000000000000000000
0000000000000000000000000000
0000000000000000000000000000
0000000000000000000000000000
