0000000000000000000000000000
0000000000000000000000000000
0000000000000000000000000000
0000000000000000000000000000
0000000000000001111000000000
0000000000000001111100000000
0000000000111101111100000000
0000000000111111111110000000
0000000001111110111110000000
0000000011111110011111000000
0000000011111111011111000000
0000000011111111011111000000
0000000011111111011111000000
0000000011100110011111000000
0000000011110000011111000000
0000000011110000011111000000
0000000011110000111110000000
0000000011111000111110000000
0000000011111001111110000000
0000000011111001111100000000
0000000011111111111100000000
0000000001111111110000000000
0000000001111111110000000000
0000000000011111100000000000
0000000000000000000000000000
0000000000000000000000000000
0000000000000000000000000000
0000000000000000000000000000
