0000000000000000000000000000
0000000000000000000000000000
0000000000000000000000000000
0000000000000000000000000000
0000000000000001111110000000
0000000000000111111110000000
0000000000001111111110000000
0000000001111111111110000000
0000000111111111111111000000
0000000111111111111111000000
0000000111111100011111100000
0000000111111000001111110000
0000000111110000000111110000
0000001111111000000011110000
0000001111111100000001111000
0000001111011100000001111000
0000001111000000000011110000
0000011111000000000011110000
0000011111000000001111110000
0000011111000000111111100000
0000001111111111111111000000
0000001111111111111110000000
0000000111111111111000000000
0000000001111111000000000000
0000000000000000000000000000
0000000000000000000000000000
0000000000000000000000000000
0000000000000000000000000000
