0000000000000000000000000000
0000000000000000000000000000
0000000000000000000000000000
0000000000000000000000000000
0000000000000000000000000000
0000000000000000000000000000
0000000000000111000000000000
0000000000001111111111000000
0000000000111111111111110000
0000000011111111110111110000
0000000111111111100001111000
0000000111000111000000111000
0000001110000000000000111000
0000001110000000000000111000
0000011100000000000000111000
0000011100000000000001111000
0000011100000000000001110000
0000011000000000000111110000
0000011100000000011111100000
0000011100000001111111000000
0000011110000011111100000000
0000001111111111110000000000
0000000111111111100000000000
0000000001110000000000000000
0000000000000000000000000000
0000000000000000000000000000
0000000000000000000000000000
0000000000000000000000000000
