0000000000000000000000000000
0000000000000000000000000000
0000000000000000000000000000
0000000000000000011000000000
0000000000000100011100000000
0000000000001100001100000000
0000000000011100000110000000
0000000000011000000110000000
0000000000111000000110000000
0000000001111000000111000000
0000000001110000000111000000
0000000001110000000111000000
0000000011100000000111000000
0000000011100000000111000000
0000000011100000000111000000
0000000011100000000111000000
0000000011100000000111000000
0000000011100000001110000000
0000000011100000001110000000
0000000011100000011100000000
0000000001111011111000000000
0000000001111111111000000000
0000000000111111100000000000
0000000000000000000000000000
0000000000000000000000000000
0000000000000000000000000000
0000000000000000000000000000
0000000000000000000000000000
