0000000000000000000000000000
0000000000000000000000000000
0000000000000000000000000000
0000000000000000000000000000
0000000000000000111000000000
0000000000000001111100000000
0000000000000001111100000000
0000000000000011111110000000
0000000000000111011110000000
0000000000001111011110000000
0000000000001110001111000000
0000000000011100000111000000
0000000000111100001111000000
0000000001111000001110000000
0000000001111000000110000000
0000000011110000001110000000
0000000111100000011110000000
0000000111100000011110000000
0000001111000000011100000000
0000001110000001111100000000
0000001111000001111000000000
0000001111101111110000000000
0000000111111111100000000000
0000000111111110000000000000
0000000000000000000000000000
0000000000000000000000000000
0000000000000000000000000000
0000000000000000000000000000
