0000000000000000000000000000
0000000000000000000000000000
0000000000000000000000000000
0000000000000000000000000000
0000000000000111111000000000
0000000000001111111100000000
0000000000001111011100000000
0000000000011110001110000000
0000000000011110001110000000
0000000000111100000110000000
0000000000111000000111000000
0000000000111000000111000000
0000000001111000000111000000
0000000011110000000111000000
0000000011110000001110000000
0000000011110000001110000000
0000000011100000001110000000
0000000011100000011100000000
0000000011100000111100000000
0000000011100001111000000000
0000000011100011110000000000
0000000011111111100000000000
0000000011111111000000000000
0000000001111110000000000000
0000000000000000000000000000
0000000000000000000000000000
0000000000000000000000000000
0000000000000000000000000000
