0000000000000000000000000000
0000000000000000000000000000
0000000000000000000000000000
0000000000000000000000000000
0000000000000000000000000000
0000000000000000000000000000
0000000000000000000000000000
0000000000001100111111000000
0000000001111111111111110000
0000000011111111100011111000
0000000111110001100000111000
0000000111000001100000111000
0000001110000001000000011000
0000011110000000000000011000
0000011100000000000000011000
0000011100000000000000111000
0000011000000000000001110000
0000011000000000000111110000
0000011100000000001111100000
0000011110000001111111000000
0000011111111111111100000000
0000001111111111110000000000
0000000001111100000000000000
0000000000000000000000000000
0000000000000000000000000000
0000000000000000000000000000
0000000000000000000000000000
0000000000000000000000000000
