0000000000000000000000000000
0000000000000000000000000000
0000000000000000000000000000
0000000000000000000000000000
0000000000000000001100000000
0000000000000000111111000000
0000000000000011111111100000
0000000000000111111111110000
0000000000001111111111110000
0000000000111111111101110000
0000000000111111000000110000
0000000011111100000001110000
0000000011111000000001110000
0000000111110000000001110000
0000001111100000000011110000
0000011111100000000111100000
0000111111100000001111100000
0000111111100000111111000000
0000111111000001111110000000
0000111100011111111000000000
0000111111111111110000000000
0000111111111111100000000000
0000111111111100000000000000
0000001111000000000000000000
0000000000000000000000000000
0000000000000000000000000000
0000000000000000000000000000
0000000000000000000000000000
