0000000000000000000000000000
0000000000000000000000000000
0000000000000000000000000000
0000000000000000000000000000
0000000000001111110000000000
0000000000011111111000000000
0000000000111111111110000000
0000000001111111111110000000
0000000001111100111110000000
0000000001111000011111000000
0000000001111000011111000000
0000000011111000001111000000
0000000011110000001111000000
0000000011111000001111000000
0000000011111000001111000000
0000000011111000001111000000
0000000011111000001111000000
0000000011111100011110000000
0000000011111110111110000000
0000000001111111111110000000
0000000001111111111110000000
0000000001111111111100000000
0000000001111111100000000000
0000000000111110000000000000
0000000000000000000000000000
0000000000000000000000000000
0000000000000000000000000000
0000000000000000000000000000
