0000000000000000000000000000
0000000000000000000000000000
0000000000000000000000000000
0000000000000000000000000000
0000000000000000000000000000
0000000001111111100000000000
0000000011111111111100000000
0000000111111111111110000000
0000001111111111111111000000
0000001110000111001111100000
0000011110000111000111100000
0000011100000110000011110000
0000011100000000000001110000
0000011100000000000001111000
0000011100000000000000111000
0000011100000000000000111000
0000011100000000000000111000
0000011100000000000000111000
0000011100000000000000111000
0000011110000000000011111000
0000011111000000000111110000
0000001111111000111111100000
0000000111111111111111000000
0000000001111111111110000000
0000000000011111110000000000
0000000000000000000000000000
0000000000000000000000000000
0000000000000000000000000000
