0000000000000000000000000000
0000000000000000000000000000
0000000000000000000000000000
0000000000000000000000000000
0000000000000000000000000000
0000000000000000000000000000
0000000001111100000000000000
0000000111111111110000000000
0000001111111111111110000000
0000001111111111111111110000
0000001111111111101111110000
0000001111011100000111110000
0000001110001100000011110000
0000011110000000000001111000
0000001110000000000001110000
0000001111000000000011110000
0000001111100000000011110000
0000001111110000000111100000
0000001111110000001111100000
0000000111111111111111000000
0000000001111111111110000000
0000000001111111111100000000
0000000000001111110000000000
0000000000000000000000000000
0000000000000000000000000000
0000000000000000000000000000
0000000000000000000000000000
0000000000000000000000000000
