0000000000000000000000000000
0000000000000000000000000000
0000000000000000000000000000
0000000000000011100000000000
0000000000000111100000000000
0000000000001111010000000000
0000000000001111111100000000
0000000000011110111110000000
0000000000111100011111000000
0000000000111100000111000000
0000000001111000000011100000
0000000011110000000011100000
0000000011110000000011100000
0000000111110000000011100000
0000000111100000000011100000
0000000111000000000011100000
0000000111000000000011100000
0000000111000000000111000000
0000000111000000001111000000
0000000111100000011110000000
0000000011111101111100000000
0000000001111111111000000000
0000000000111111110000000000
0000000000000000000000000000
0000000000000000000000000000
0000000000000000000000000000
0000000000000000000000000000
0000000000000000000000000000
