0000000000000000000000000000
0000000000000000000000000000
0000000000000000000000000000
0000000000000000000000000000
0000000000011110000000000000
0000000001111111000000000000
0000000001111111000000000000
0000000001111111111110000000
0000000011111011111110000000
0000000011111011111111000000
0000000011110011111111000000
0000000111110011001111000000
0000000111110000001111000000
0000000111110000001111000000
0000000111110000001111000000
0000000111110000001111000000
0000000111110000011110000000
0000000011110000011110000000
0000000011110000011110000000
0000000011111001111110000000
0000000011111111111100000000
0000000001111111111000000000
0000000001111111111000000000
0000000000011111100000000000
0000000000000000000000000000
0000000000000000000000000000
0000000000000000000000000000
0000000000000000000000000000
