0000000000000000000000000000
0000000000000000000000000000
0000000000000000000000000000
0000000000000000000000000000
0000000000000000000000000000
0000000000000001111100000000
0000000000001111111110000000
0000000000111111111110000000
0000000001111111101110000000
0000000001111111001111000000
0000000001111111001111100000
0000000011110111100111100000
0000000011100001000111100000
0000000111100000000111100000
0000000111100000000111100000
0000000111100000000111000000
0000000111100000000111000000
0000000111100000000111000000
0000000111100000001111000000
0000000111100000001111000000
0000000011110000011110000000
0000000011110000111110000000
0000000001111101111100000000
0000000001111111111000000000
0000000000011111110000000000
0000000000000000000000000000
0000000000000000000000000000
0000000000000000000000000000
