0000000000000000000000000000
0000000000000000000000000000
0000000000000000000000000000
0000000000000000000000000000
0000000000011111111000000000
0000000000011111111100000000
0000000000111110111100000000
0000000000111110011110000000
0000000001111000001110000000
0000000001111000001111000000
0000000001111000000111100000
0000000001110000000111100000
0000000011110000000011100000
0000000011100000000011100000
0000000111100000000011100000
0000000111100000000111100000
0000000111100000000111100000
0000000111000000001111000000
0000000111000000011110000000
0000000111000000011100000000
0000000111100011111100000000
0000000111111111111000000000
0000000011111111100000000000
0000000001111111000000000000
0000000000000000000000000000
0000000000000000000000000000
0000000000000000000000000000
0000000000000000000000000000
