0000000000000000000000000000
0000000000000000000000000000
0000000000000000000000000000
0000000000000000000000000000
0000000000000000000000000000
0000000000110111111100000000
0000000001111111111110000000
0000000011111111111111000000
0000000111111110011111100000
0000000111111100000111100000
0000000111111100000011110000
0000001111011000000011110000
0000001111000000000011110000
0000001111000000000011110000
0000001111000000000001110000
0000001111000000000001110000
0000001111100000000011110000
0000001111100000000011110000
0000000111110000000111110000
0000000111110000000111100000
0000000011111000001111000000
0000000001111110011111000000
0000000000111111111110000000
0000000000011111111100000000
0000000000001111110000000000
0000000000000000000000000000
0000000000000000000000000000
0000000000000000000000000000
