0000000000000000000000000000
0000000000000000000000000000
0000000000000000000000000000
0000000000000000000000000000
0000000000000000000000000000
0000000001111110111110000000
0000000001111111111111000000
0000000011111111111111100000
0000000111111111111111110000
0000001111100000001111110000
0000011111100000000011111000
0000011111000000000011111000
0000011111000000000011111000
0000011110000000000011111000
0000011110000000000011111000
0000011110000000000011111000
0000011110000000000011110000
0000011110000000000111110000
0000011110000000011111110000
0000011110000000111111110000
0000011111000101111111000000
0000001111111111111100000000
0000001111111111110000000000
0000001111111111110000000000
0000000111111110000000000000
0000000000000000000000000000
0000000000000000000000000000
0000000000000000000000000000
