0000000000000000000000000000
0000000000000000000000000000
0000000000000000000000000000
0000000000000000000000000000
0000000000000011111100000000
0000000000000111111110000000
0000000000000111111110000000
0000000000000111001110000000
0000000000001111011111000000
0000000000111111011111000000
0000000000111111001111000000
0000000001111011001111000000
0000000011110001011111000000
0000000111100000011110000000
0000000111100000011110000000
0000000111100000011100000000
0000001111000000111100000000
0000001111000000111100000000
0000001111000011111000000000
0000001111000011110000000000
0000001111101111100000000000
0000000111111111000000000000
0000000111111111000000000000
0000000011111100000000000000
0000000000000000000000000000
0000000000000000000000000000
0000000000000000000000000000
0000000000000000000000000000
