0000000000000000000000000000
0000000000000000000000000000
0000000000000000000000000000
0000000000000000000000000000
0000000000000000111110000000
0000000000000000111111000000
0000000000000001111111000000
0000000000000011111111000000
0000000000000111111111000000
0000000000001111101111000000
0000000000011111001111000000
0000000000111110001111000000
0000000000111110001111000000
0000000001111100001111000000
0000000111111100011111000000
0000000111110000111110000000
0000000111110000111110000000
0000001111100001111110000000
0000011111100111111100000000
0000011111101111111000000000
0000001111111111110000000000
0000000111111111100000000000
0000000111111111100000000000
0000000111111110000000000000
0000000000000000000000000000
0000000000000000000000000000
0000000000000000000000000000
0000000000000000000000000000
