0000000000000000000000000000
0000000000000000000000000000
0000000000000000000000000000
0000000000000000000000000000
0000000000000000000000000000
0000000000000001111110000000
0000000000000011111111000000
0000000000000011111111100000
0000000000001111111111100000
0000000000011111111111100000
0000000000111111000111100000
0000000001111100000111100000
0000000001111100001111100000
0000000011111100011111100000
0000000111111100011111000000
0000000111111100111111000000
0000000111110001111110000000
0000011111110011111110000000
0000011111100011111100000000
0000011111100111111000000000
0000011111110111110000000000
0000011111111111100000000000
0000000111110000000000000000
0000000111110000000000000000
0000000111000000000000000000
0000000000000000000000000000
0000000000000000000000000000
0000000000000000000000000000
