0000000000000000000000000000
0000000000000000000000000000
0000000000000000000000000000
0000000000000000000000000000
0000000000000000000000000000
0000000000011111111000000000
0000000001111111111100000000
0000000111111111111110000000
0000001111100000001111000000
0000001111000000001111000000
0000011110000000001111000000
0000011100000000001111000000
0000011100000000000111100000
0000111100000000000111100000
0000111000000000000111100000
0000111000000000000111110000
0000111000000000001111110000
0000111000000000001111110000
0000111000000000001111110000
0000111000000000011111100000
0000111100000000011101100000
0000011100000001111000000000
0000011111101111111000000000
0000001111111111100000000000
0000000111111111000000000000
0000000000000000000000000000
0000000000000000000000000000
0000000000000000000000000000
