0000000000000000000000000000
0000000000000000000000000000
0000000000000000000000000000
0000000000000000000000000000
0000000000000000000000000000
0000000000111111111000000000
0000000000111111111000000000
0000000001111111111110000000
0000000011111111011110000000
0000000011111100001110000000
0000000011110000001110000000
0000000011110000000111000000
0000000011110000000111000000
0000000011100000000111000000
0000000011100000000111000000
0000000011111000001110000000
0000000011111000001110000000
0000000011100000001110000000
0000000011100000011110000000
0000000011110000111110000000
0000000011110001111110000000
0000000011111011111000000000
0000000001111111111000000000
0000000001111111100000000000
0000000000111111000000000000
0000000000000000000000000000
0000000000000000000000000000
0000000000000000000000000000
