0000000000000000000000000000
0000000000000000000000000000
0000000000000000000000000000
0000000000000000000000000000
0000000001101111100000000000
0000000011111111111000000000
0000000011110011111100000000
0000000011100000011110000000
0000000111000000001110000000
0000000111000000000111000000
0000000111000000000111000000
0000000111000000000011100000
0000000111000000000011100000
0000000111000000000011100000
0000000111000000000001100000
0000000011000000000001100000
0000000011000000000001100000
0000000011100000000011100000
0000000011100000000011100000
0000000011100000000111100000
0000000001110000001111000000
0000000001111100111110000000
0000000000111111111110000000
0000000000001111111000000000
0000000000000000000000000000
0000000000000000000000000000
0000000000000000000000000000
0000000000000000000000000000
