0000000000000000000000000000
0000000000000000000000000000
0000000000000000000000000000
0000000000000000000000000000
0000000000111000000000000000
0000000001111111100000000000
0000000001111111111000000000
0000000001111101111110000000
0000000001110000011110000000
0000000001100000000111000000
0000000001100000000111100000
0000000011100000000011100000
0000000011100000000001100000
0000000011100000000001110000
0000000011100000000000110000
0000000011100000000000110000
0000000011100000000000110000
0000000011100000000001110000
0000000011100000000001110000
0000000011100000000011110000
0000000001100000001111100000
0000000001110000111110000000
0000000001111111111000000000
0000000000111111110000000000
0000000000000000000000000000
0000000000000000000000000000
0000000000000000000000000000
0000000000000000000000000000
