0000000000000000000000000000
0000000000000000000000000000
0000000000000000000000000000
0000000000000000000000000000
0000000000000000000000000000
0000000000000011111100000000
0000000000011111111100000100
0000000000011111111110000100
0000000000111111111110000100
0000000001111111111110000000
0000000001111111011110000000
0000000011111110011111100000
0000000111111100011111100000
0000001111111100011111100000
0000001111111100011111100000
0000001111110000011111100000
0000001111100000111111000000
0000001111000000111110000000
0000001111000111111110000000
0000001111001111111100000000
0000001111111111111000000000
0000001111111111110000000000
0000001111111111000000000000
0000000111111100000000000000
0000000000000000000000000000
0000000000000000000000000000
0000000000000000000000000000
0000000000000000000000000000
