0000000000000000000000000000
0000000000000000000000000000
0000000000000000000000000000
0000000000000000000000000000
0000000000000111110000000000
0000000000001111111000000000
0000000000011111111000000000
0000000000011100111100000000
0000000000111100011100000000
0000000001111000011110000000
0000000001110000001110000000
0000000001110000001110000000
0000000011110000001110000000
0000000011100000001110000000
0000000111000000001110000000
0000000111000000001110000000
0000000110000000011100000000
0000000110000000011100000000
0000000110000000011100000000
0000000110000000111000000000
0000000111000001111000000000
0000000111111111110000000000
0000000011111111100000000000
0000000001111111000000000000
0000000000000000000000000000
0000000000000000000000000000
0000000000000000000000000000
0000000000000000000000000000
