0000000000000000000000000000
0000000000000000000000000000
0000000000000000000000000000
0000000000000000000000000000
0000000000000000000000000000
0000000000000011111110000000
0000000000011111111111000000
0000000000111111111111100000
0000000001111111111111100000
0000000011111111111111100000
0000000011111111101111100000
0000000011111110001111100000
0000000111111111101111100000
0000000111111111101111100000
0000000111111111001111000000
0000000111111110001111000000
0000000111110000111110000000
0000000111100000111110000000
0000000111100000111110000000
0000000111110001111110000000
0000000111111111111100000000
0000000111111111111000000000
0000000011111111111000000000
0000000011111111100000000000
0000000001111111000000000000
0000000000000000000000000000
0000000000000000000000000000
0000000000000000000000000000
