0000000000000000000000000000
0000000000000000000000000000
0000000000000000000000000000
0000000000000000000000000000
0000000000000000000000000000
0000000000001111111111000000
0000000000111111111111000000
0000000001111111111111100000
0000000111111110000111100000
0000001111110000000111110000
0000011111110000000011110000
0000111111100000000011110000
0000111100000000000011110000
0000111100000000000011110000
0000111000000000000011110000
0000111000000000000011110000
0000111000000000000011110000
0000111100000000000011100000
0000111100000000000111100000
0000111110000000000111100000
0000011111100000001111100000
0000001111111111111111000000
0000000111111111111110000000
0000000011111111111100000000
0000000000111111100000000000
0000000000000000000000000000
0000000000000000000000000000
0000000000000000000000000000
