0000000000000000000000000000
0000000000000000000000000000
0000000000000000000000000000
0000000000000000000000000000
0000000000000000000000000000
0000000000000011111110000000
0000000011011111111110000000
0000000111111111111111000000
0000000111111111000111100000
0000001111110000000011100000
0000001111100000000001100000
0000001110000000000001110000
0000001100000000000001110000
0000001100000000000000110000
0000001110000000000000110000
0000001110000000000000110000
0000001110000000000000110000
0000001110000000000000110000
0000000110000000000001110000
0000000110000000000001110000
0000000111100000000111100000
0000000111110000011111100000
0000000011111111111111100000
0000000001111111111110000000
0000000000111111111000000000
0000000000000000000000000000
0000000000000000000000000000
0000000000000000000000000000
