0000000000000000000000000000
0000000000000000000000000000
0000000000000000000000000000
0000000000000000000000000000
0000000000000000000000000000
0000000001111111100000000000
0000000011111111111000000000
0000000011111111111100000000
0000000111110011111100000000
0000000111000000111110000000
0000000111000000011110000000
0000000111000000001111000000
0000001111000000001111000000
0000001111100000001111000000
0000001111100000001111000000
0000001111100000001111000000
0000001111100000001111000000
0000000111100000001111000000
0000000111100000001111000000
0000000111110000011110000000
0000000011111001111110000000
0000000011111111111100000000
0000000001111111111000000000
0000000000111111110000000000
0000000000011111100000000000
0000000000000000000000000000
0000000000000000000000000000
0000000000000000000000000000
