0000000000000000000000000000
0000000000000000000000000000
0000000000000000000000000000
0000000000000011100000000000
0000000000000011110000000000
0000000000000011111000000000
0000000000111000011100000000
0000000000111000011100000000
0000000001110000001110000000
0000000001110000000110000000
0000000001100000000110000000
0000000011100000000110000000
0000000011100000000111000000
0000000011100000000111000000
0000000011000000000111000000
0000000011100000000111000000
0000000011100000000110000000
0000000011100000001110000000
0000000011100000001110000000
0000000001110000011100000000
0000000001111000111100000000
0000000000111111111000000000
0000000000011111110000000000
0000000000000000000000000000
0000000000000000000000000000
0000000000000000000000000000
0000000000000000000000000000
0000000000000000000000000000
