0000000000000000000000000000
0000000000000000000000000000
0000000000000000000000000000
0000000000000000000000000000
0000000000000000000000000000
0000000000000000000000000000
0000000000000011110000000000
0000000000011111111110000000
0000000011111111111111000000
0000000111111111111111100000
0000011111111111000011110000
0000011111111100000001110000
0000011101111000000001110000
0000111111110000000001110000
0000111011100000000001110000
0000111011000000000001110000
0000110011000000000011110000
0000110011000000000011110000
0000111000000000000111110000
0000111100000000011111100000
0000011111111111111111000000
0000001111111111111110000000
0000000011111111110000000000
0000000000000000000000000000
0000000000000000000000000000
0000000000000000000000000000
0000000000000000000000000000
0000000000000000000000000000
