0000000000000000000000000000
0000000000000000000000000000
0000000000000000000000000000
0000000000000000000000000000
0000000000000011100000000000
0000000000001111111100000000
0000000000011111111111000000
0000000001111111111111100000
0000000001111100111111110000
0000000111111000110001110000
0000000111110000110000111000
0000001111100000000000111000
0000001111000000000000111000
0000011110000000000000111000
0000011110000000000000111000
0000011100000000000000111000
0000011100000000000000111000
0000011110000000000001111000
0000011110000000000011110000
0000011111100000001111110000
0000001111111111111111100000
0000000111111111111110000000
0000000001111111111000000000
0000000000010110000000000000
0000000000000000000000000000
0000000000000000000000000000
0000000000000000000000000000
0000000000000000000000000000
