0000000000000000000000000000
0000000000000000000000000000
0000000000000000000000000000
0000000000000000000000000000
0000000000000011111100000000
0000000000000011111111000000
0000000000000111111111100000
0000000000000111111111100000
0000000000001111111111100000
0000000000011111111011100000
0000000000111111100001110000
0000000001111111000001110000
0000000001111110000001110000
0000000111111100000011110000
0000000111111000000111110000
0000000111110000000111100000
0000001111100000001111100000
0000001111100000011111100000
0000001111111111111111100000
0000001111111111111111000000
0000001111111111111100000000
0000001111111111111100000000
0000001111111111100000000000
0000000111111110000000000000
0000000000000000000000000000
0000000000000000000000000000
0000000000000000000000000000
0000000000000000000000000000
