0000000000000000000000000000
0000000000000000000000000000
0000000000000000000000000000
0000000000000000000000000000
0000000000000001111110000000
0000000000000111111110000000
0000000000001111111111000000
0000000000111111111111100000
0000000000111111011111100000
0000000011111110000111100000
0000000011111110000111100000
0000000111100100000111100000
0000001111100000000111100000
0000001111100000000111100000
0000001111100000001111100000
0000011111100000001111100000
0000011111100000011111100000
0000011111100000011111000000
0000001111100000011110000000
0000001111100000111110000000
0000001111111111111110000000
0000000011111111111100000000
0000000001111111110000000000
0000000000111111100000000000
0000000000000000000000000000
0000000000000000000000000000
0000000000000000000000000000
0000000000000000000000000000
