0000000000000000000000000000
0000000000000000000000000000
0000000000000000000000000000
0000000000000000000000000000
0000000000000001100000000000
0000000000000011110000000000
0000000000001111110000000000
0000000000011111110000000000
0000000001111111111110000000
0000000011111111111111000000
0000000111111101101111100000
0000001111111001101111110000
0000001111110000000111110000
0000011111100000000011111000
0000011111000000000001111000
0000011110000000000000111000
0000011100000000000011111000
0000011100000000000011110000
0000011111100000000111111000
0000001111111101111111111000
0000001111111111111111100000
0000000111111111111111000000
0000000000111111111100000000
0000000000000110000000000000
0000000000000000000000000000
0000000000000000000000000000
0000000000000000000000000000
0000000000000000000000000000
