0000000000000000000000000000
0000000000000000000000000000
0000000000000000000000000000
0000000000000000000000000000
0000000000000000111111110000
0000000000000111111111110000
0000000000000111111111110000
0000000000001111111011110000
0000000000001111110011111000
0000000000111111110011111000
0000000011111111100011110000
0000000011111111000011111000
0000000111111100000111111000
0000000111111100000111110000
0000001111111000001111110000
0000001111111000011111110000
0000001111100000011111100000
0000011111100001111111000000
0000011111000111111110000000
0000011110001111111100000000
0000011111111111111100000000
0000011111111111110000000000
0000001111111111000000000000
0000000111111100000000000000
0000000000000000000000000000
0000000000000000000000000000
0000000000000000000000000000
0000000000000000000000000000
