0000000000000000000000000000
0000000000000000000000000000
0000000000000000000000000000
0000000000000000000000000000
0000000000000000000000000000
0000000000001111111100000000
0000000000111111111110000000
0000000011111111111111010000
0000001111111111111111010000
0000011111111111111111010000
0000111111111111001111010000
0000111111111000000111010000
0000000011110000001111010000
0000000111110000001111000000
0000000111100000001111000000
0000000111000000001111000000
0000001111000000011111000000
0000001111000000111110010000
0000001111000000111110010000
0000001111000001111100010000
0000001111000011111100010000
0000001111111111111000010000
0000000111111111111000000000
0000000011111111110000000000
0000000001111111100000000000
0000000000000000000000000000
0000000000000000000000000000
0000000000000000000000000000
