0000000000000000000000000000
0000000000000000000000000000
0000000000000000000000000000
0000000000000000000000000000
0000000000000001111100000000
0000000000000111111110000000
0000000000001111111110000000
0000000000011111100110000000
0000000000111110000111000000
0000000000111100000111000000
0000000001111000000111100000
0000000011111000000111100000
0000000011110000000111100000
0000000011100000000111100000
0000000011100000000111000000
0000000011000000001111000000
0000000111000000001111000000
0000000111000000011111000000
0000000111100000111110000000
0000000111100001111100000000
0000000011110111111100000000
0000000011111111111000000000
0000000011111111100000000000
0000000001111111000000000000
0000000000000000000000000000
0000000000000000000000000000
0000000000000000000000000000
0000000000000000000000000000
