0000000000000000000000000000
0000000000000000000000000000
0000000000000000000000000000
0000000000000000000000000000
0000000000000000000000000000
0000000000000000001111000000
0000000000000000111111100000
0000000000000001111111110000
0000000000000011111111110000
0000000000001111111111110000
0000000000011111111111110000
0000000000111111110011100000
0000000001111111100111100000
0000000011111100001111100000
0000000111111000011111000000
0000001111110000111110000000
0000011111000000111100000000
0000011110000011111000000000
0000111110000111110000000000
0000111100001111100000000000
0000111000111111000000000000
0000111111111100000000000000
0000111111111100000000000000
0000011111110000000000000000
0000011111100000000000000000
0000000000000000000000000000
0000000000000000000000000000
0000000000000000000000000000
