0000000000000000000000000000
0000000000000000000000000000
0000000000000000000000000000
0000000000000000000000000000
0000000000000000001100000000
0000000000001110001110000000
0000000000001110001110000000
0000000000011111001111000000
0000000000011111000111000000
0000000000111110000111000000
0000000001111100000111000000
0000000001111100000111000000
0000000001111000000111000000
0000000001111000000111000000
0000000011110000001111000000
0000000011110000001111000000
0000000011110000011111000000
0000000011100000111110000000
0000000011100001111100000000
0000000011100111111000000000
0000000011111111111000000000
0000000001111111110000000000
0000000000111111000000000000
0000000000111100000000000000
0000000000000000000000000000
0000000000000000000000000000
0000000000000000000000000000
0000000000000000000000000000
