0000000000000000000000000000
0000000000000000000000000000
0000000000000000000000000000
0000000000000000000000000000
0000000000000000000000000000
0000000000001111111111000000
0000000000111111111111100000
0000000001111111100111100000
0000000001111111000011110000
0000000011111110000001110000
0000000111111000000001110000
0000000111111000000000110000
0000000111011100000000110000
0000001111001100000000110000
0000001110000000000000110000
0000001110000000000001110000
0000001110000000000001110000
0000001110000000000011100000
0000001110000000000111100000
0000000111000000000111000000
0000000111000000001111000000
0000000111100000011110000000
0000000111110001111100000000
0000000011111111111000000000
0000000001111111110000000000
0000000000000000000000000000
0000000000000000000000000000
0000000000000000000000000000
