0000000000000000000000000000
0000000000000000000000000000
0000000000000000000000000000
0000000000000000000000000000
0000000000000000000000000000
0000000000011111111100000000
0000000000111111111110000000
0000000001111111111111000000
0000000001101111110111100000
0000000000011111111111100000
0000000000111111111111100000
0000000001111101111011100000
0000000011111001111111100000
0000000011110011111111100000
0000000111100111111111100000
0000000111101111001111000000
0000000111011110011110000000
0000000111111100011111000000
0000001111110000111110000000
0000001111000001111110000000
0000011110000111111000000000
0000011111001111110000000000
0000001111111111100000000000
0000000111111111000000000000
0000000111111000000000000000
0000000000000000000000000000
0000000000000000000000000000
0000000000000000000000000000
