0000000000000000000000000000
0000000000000000000000000000
0000000000000000000000000000
0000000000000000000000000000
0000000000000000011111000000
0001000000000000111111100000
0000000000000001111111100000
0000000000000011110011100000
0000000000000011100001100000
0000000000000111100001100000
0000000000000111000001100000
0000000000001110000001100000
0000000000011110000011100000
0000000000111100000011100000
0000000001111000000111000000
0000000011110000000111000000
0000000011110000001111000000
0000000111100000011110000000
0000001111000000111100000000
0000001110000011111000000000
0000001110000111110000000000
0000011101111111100000000000
0000001111111110000000000000
0000001111111000000000000000
0000000000000000000000000000
0000000000000000000000000000
0000000000000000000000000000
0000000000000000000000000000
