0000000000000000000000000000
0000000000000000000000000000
0000000000000000000000000000
0000000000000000000000000000
0000000000000001110000000000
0000000000000111110000000000
0000000000001111110000000000
0000000000001111001111100000
0000000000011110111111110000
0000000000111101111111111000
0000000001111011110000111000
0000000011110011000000011000
0000000011110000000000011000
0000000111000000000000011000
0000000111000000000000111000
0000001111000000000000111000
0000001110000000000011111000
0000011100000000001111100000
0000011100000000011111000000
0000011100000011111100000000
0000011101011111111000000000
0000011111111111100000000000
0000001111111110000000000000
0000000111000000000000000000
0000000000000000000000000000
0000000000000000000000000000
0000000000000000000000000000
0000000000000000000000000000
