0000000000000000000000000000
0000000000000000000000000000
0000000000000000000000000000
0000000000000000000000000000
0000000000000001111100000000
0000000000000011111100000000
0000000000000111111100000000
0000000000011111111100000000
0000000000011111111100000000
0000000000111110011110000000
0000000000111110011110000000
0000000000111100011100000000
0000000001111100011100000000
0000000001111100111100000000
0000000011110000111100000000
0000000011110001111000000000
0000000011110001111000000000
0000000011110001111000000000
0000000011111001111000000000
0000000001111111110000000000
0000000000111111110000000000
0000000000111111100000000000
0000000000111111100000000000
0000000000011111000000000000
0000000000000000000000000000
0000000000000000000000000000
0000000000000000000000000000
0000000000000000000000000000
