0000000000000000000000000000
0000000000000000000000000000
0000000000000000000000000000
0000000000000111000000000000
0000000000001111000000000000
0000000000011111000000000000
0000000000111110001000000000
0000000001111101111110000000
0000000001111001111111000000
0000000011110001111111000000
0000000011100000000111000000
0000000111100000000111000000
0000000111000000000111000000
0000000111000000000111000000
0000001111000000000111000000
0000001110000000000111000000
0000001110000000001111000000
0000001110000000011111000000
0000001111000000111110000000
0000001111100001111100000000
0000001111111111111000000000
0000000011111111110000000000
0000000001111111100000000000
0000000000000000000000000000
0000000000000000000000000000
0000000000000000000000000000
0000000000000000000000000000
0000000000000000000000000000
