0000000000000000000000000000
0000000000000000000000000000
0000000000000000000000000000
0000000000000000000000000000
0000000000000000000000000000
0000000000111110000000000000
0000000011111111111000000000
0000000111111111111110000000
0000001111101111111111000000
0000001111001111111111100000
0000011110001100110111110000
0000011110001100010011110000
0000011100001100010001110000
0000011100000100000001111000
0000011110000000000000111000
0000011110000000000000111000
0000011110000000000001111000
0000011111000000000001111000
0000011111000000000011111000
0000001111000000000111110000
0000000111110000001111100000
0000000111111000011111000000
0000000011111111111110000000
0000000001111111111100000000
0000000000111111111000000000
0000000000000000000000000000
0000000000000000000000000000
0000000000000000000000000000
