0000000000000000000000000000
0000000000000000000000000000
0000000000000000000000000000
0000000000000000000000000000
0000000000000000000000000000
0000000000000000000000000000
0000000000000000111000000000
0000000000000111111000000000
0000000000011111111110000000
0000000001111111111111110000
0000000111110001000001110000
0000001111100000000000111000
0000001110000000000000111000
0000011110000000000000111000
0000011100000000000001111000
0000011100000000000011110000
0000011100000000001111100000
0000011110000000111111000000
0000001111000111111100000000
0000001111111111110000000000
0000000111111111100000000000
0000000000000000000000000000
0000000000000000000000000000
0000000000000000000000000000
0000000000000000000000000000
0000000000000000000000000000
0000000000000000000000000000
0000000000000000000000000000
