0000000000000000000000000000
0000000000000000000000000000
0000000000000000000000000000
0000000000000000000000000000
0000000000000111110000000000
0000000000000111111000000000
0000000000111111111100000000
0000000000111000111110000000
0000000000111000011110000000
0000000001111000001111000000
0000000001111000000111000000
0000000001111000000111000000
0000000011110000000011100000
0000000011100000000011100000
0000000011100000000111000000
0000000111000000000111000000
0000000111000000001111000000
0000000111000000011110000000
0000000111000000011110000000
0000000111000001111100000000
0000000111110111111100000000
0000000111111111110000000000
0000000011111111110000000000
0000000001111111000000000000
0000000000000000000000000000
0000000000000000000000000000
0000000000000000000000000000
0000000000000000000000000000
