0000000000000000000000000000
0000000000000000000000000000
0000000000000000000000000000
0000000000000000000000000000
0000000000000011111111000000
0000000000000011111111100000
0000000000000011111111100000
0000000000000111111001000000
0000000000001111111000000000
0000000000011111111100000000
0000000000111110111100000000
0000000001111100011110000000
0000000001111000011110000000
0000000111110000011110000000
0000000111110000011110000000
0000000111100000011110000000
0000001111000000011110000000
0000001111000000011110000000
0000011111000000011110000000
0000011111000000111110000000
0000011111000111111100000000
0000011111111111111100000000
0000001111111111111000000000
0000000111111111000000000000
0000000000000000000000000000
0000000000000000000000000000
0000000000000000000000000000
0000000000000000000000000000
