0000000000000000000000000000
0000000000000000000000000000
0000000000000000000000000000
0000000000000000000000000000
0000000000000000011110000000
0000000000000001111110000000
0000000000000111111110000000
0000000000001111111111000000
0000000000011111111111100000
0000000000111111001111100000
0000000001111110000111100000
0000000011111100000011100000
0000000011110000000011100000
0000000111100000000011100000
0000001111000000000011000000
0000001111000000000111000000
0000001111000000001111000000
0000001110000000001111000000
0000001100000000011110000000
0000011100000000111110000000
0000011110000000111100000000
0000011111111111111000000000
0000011111111111110000000000
0000001111111111100000000000
0000000000000000000000000000
0000000000000000000000000000
0000000000000000000000000000
0000000000000000000000000000
