0000000000000000000000000000
0000000000000000000000000000
0000000000000000000000000000
0000000000000000000000000000
0000000000000110000000000000
0000000000011110000000000000
0000000000011111110000000000
0000000000011111111000000000
0000000000111110001100000000
0000000001111000001100000000
0000000001111000000110000000
0000000001110000000110000000
0000000001110000000110000000
0000000011110000000110000000
0000000001110000000110000000
0000000001110000000110000000
0000000001110000000110000000
0000000001110000000110000000
0000000000111000000110000000
0000000000111000000110000000
0000000000111100000110000000
0000000000011111011110000000
0000000000001111111100000000
0000000000000011111100000000
0000000000000000000000000000
0000000000000000000000000000
0000000000000000000000000000
0000000000000000000000000000
