0000000000000000000000000000
0000000000000000000000000000
0000000000000000000000000000
0000000000000000000000000000
0000000000001111111000000000
0000000000011111111000000000
0000000000011111111110000000
0000000000111111011110000000
0000000001111110001111000000
0000000001110111000111000000
0000000011110011110111100000
0000000011100001111011100000
0000000111100000000011100000
0000000111000000000001100000
0000000111000000000001100000
0000001111000000000001100000
0000001111000000000001100000
0000001110000000000001100000
0000001110000000000011100000
0000000111000000000011100000
0000000111100000000111000000
0000000111111000111111000000
0000000001111111111110000000
0000000000111111111000000000
0000000000000000000000000000
0000000000000000000000000000
0000000000000000000000000000
0000000000000000000000000000
