0000000000000000000000000000
0000000000000000000000000000
0000000000000000000000000000
0000000000000000000000000000
0000000000000000000000000000
0000000000000111110000000000
0000000000000111111000000000
0000000000001111111100000000
0000000000001110011100000000
0000000000011100001100000000
0000000000111100001100000000
0000000000111000001100000000
0000000000111000001100000000
0000000000110000001100000000
0000000000110000001100000000
0000000000110000001100000000
0000000000110000001100000000
0000000000100000001100000000
0000000000100000011100000000
0000000000100000011100000000
0000000001110000111000000000
0000000000110000111000000000
0000000000110001110000000000
0000000000111111110000000000
0000000000011111100000000000
0000000000000000000000000000
0000000000000000000000000000
0000000000000000000000000000
