0000000000000000000000000000
0000000000000000000000000000
0000000000000000000000000000
0000000000000000000000000000
0000000000000000000000000000
0000000000000000111110000000
0000000000000001111111100000
0000000000000111111111110000
0000000000001111111111110000
0000000000111111111011110000
0000000001111111110001110000
0000000111111111100001110000
0000000111111111000000110000
0000001111111110000001111000
0000011111100000000001111000
0000011111100000000001111000
0000011111000000000011110000
0000011110000000000111110000
0000011100000000000111110000
0000011100000000000111100000
0000011100000110101111000000
0000011111111111111110000000
0000011111111111111110000000
0000001111111111110000000000
0000000111111111000000000000
0000000000000000000000000000
0000000000000000000000000000
0000000000000000000000000000
