0000000000000000000000000000
0000000000000000000000000000
0000000000000000000000000000
0000000000000000000000000000
0000000000000001111111100000
0000000000000111111111110000
0000000000011111111111110000
0000000001111111110111110000
0000000011111111100111111000
0000000111111100000011111000
0000000111111000000011111000
0000000111110000000011110000
0000001111110000000011110000
0000001111100000000111110000
0000011111100000000111110000
0000011111000000001111110000
0000011111000000011111100000
0000011111000000111111100000
0000011111100001111111000000
0000001111111111111110000000
0000000111111111111100000000
0000000111111111111100000000
0000000111111111110000000000
0000000001111111100000000000
0000000000000000000000000000
0000000000000000000000000000
0000000000000000000000000000
0000000000000000000000000000
