0000000000000000000000000000
0000000000000000000000000000
0000000000000000000000000000
0000000000000000000000000000
0000000000000000111100000000
0000000000000001111100000000
0000000000000011111110000000
0000000000000111111110000000
0000000000001111111111000000
0000000000011111110111000000
0000000000111110000111000000
0000000001111100000111000000
0000000001111000000111000000
0000000011110000000111000000
0000000111100000001111000000
0000001111000000001110000000
0000001111000000011110000000
0000001111000000111100000000
0000001110000001111100000000
0000001110000011111000000000
0000001110011111100000000000
0000001111111111000000000000
0000001111111110000000000000
0000001111110000000000000000
0000000000000000000000000000
0000000000000000000000000000
0000000000000000000000000000
0000000000000000000000000000
