0000000000000000000000000000
0000000000000000000000000000
0000000000000000000000000000
0000000000000000000000000000
0000000000000000000000000000
0000000000000011111000000000
0000000000000111111100000000
0000000000001111111110000000
0000000000011111111111100000
0000000000011111111111100000
0000000000111111110111110000
0000000001111111100011110000
0000000011111000000001110000
0000000011110000000001110000
0000000111110000000001110000
0000001111100000000001110000
0000001111100000000011110000
0000001111000000000011100000
0000001111000000000111100000
0000001111000000000111000000
0000001111000000011110000000
0000000111100000111110000000
0000000111110111111100000000
0000000011111111110000000000
0000000001111111100000000000
0000000000000000000000000000
0000000000000000000000000000
0000000000000000000000000000
