0000000000000000000000000000
0000000000000000000000000000
0000000000000000000000000000
0000000000000000000000000000
0000000000000000000000000000
0000000000111111110000000000
0000000001111111111110000000
0000000001111111111111000000
0000000011111100011111000000
0000000011111000001111100000
0000000111111000000111100000
0000000111000000000011100000
0000001111000000000000110000
0000001111000000000000110000
0000001111000000000000110000
0000001110000000000000110000
0000001100000000000000110000
0000001100000000000001110000
0000001100000000000001110000
0000001110000000000011110000
0000001111000000000111100000
0000001111100000001111100000
0000000111110111111111000000
0000000011111111111110000000
0000000001111111111000000000
0000000000000000000000000000
0000000000000000000000000000
0000000000000000000000000000
