0000000000000000000000000000
0000000000000000000000000000
0000000000000000000000000000
0000000000000000000000000000
0000000000000000000000000000
0000000000001111111111000000
0000000000111111111111000000
0000000001111111111111000000
0000000001111111111111100000
0000000001111111111111110000
0000000001111111001111110000
0000000001111111000111110000
0000000011111110000011110000
0000000111111100000011110000
0000000111111100000111110000
0000000111110000001111110000
0000000111110000001111110000
0000000111110000011111000000
0000000111110000011111000000
0000000111110111111111000000
0000000111111111111111000000
0000000111111111111110000000
0000000111111111111100000000
0000000111111111000000000000
0000000011111100000000000000
0000000000000000000000000000
0000000000000000000000000000
0000000000000000000000000000
