0000000000000000000000000000
0000000000000000000000000000
0000000000000000000000000000
0000000000000001111000000000
0000000000000001111000000000
0000000000000111111000000000
0000000000001111111100000000
0000000000001110111100000000
0000000000011110111100000000
0000000000011110011100000000
0000000000011100011100000000
0000000000111100011110000000
0000000000111000011110000000
0000000001111000011110000000
0000000001110000011100000000
0000000011110000011100000000
0000000011000000111100000000
0000000111000001111100000000
0000000111111111111100000000
0000000111111111111000000000
0000000111111111110000000000
0000000011111111000000000000
0000000001111100000000000000
0000000000000000000000000000
0000000000000000000000000000
0000000000000000000000000000
0000000000000000000000000000
0000000000000000000000000000
