0000000000000000000000000000
0000000000000000000000000000
0000000000000000000000000000
0000000000000000000000000000
0000000000000000000000000000
0000000000000000111100000000
0000000000000011011110000000
0000000000000111111111000000
0000000000000111111111100000
0000000000001111000011100000
0000000000011110000001110000
0000000000111100000001110000
0000000001111000000001110000
0000000011110000000001110000
0000000011100000000001110000
0000000011100000000001110000
0000000111100000000011110000
0000000111000000000011100000
0000001110000000000111100000
0000001110000000001110000000
0000001110000000001110000000
0000001111000000111100000000
0000000111110011111000000000
0000000011111111100000000000
0000000001111111000000000000
0000000000000000000000000000
0000000000000000000000000000
0000000000000000000000000000
