0000000000000000000000000000
0000000000000000000000000000
0000000000000000000000000000
0000000000000000000000000000
0000000000011111000000000000
0000000000011111110000000000
0000000000111111111000000000
0000000000111010111100000000
0000000000110000111110000000
0000000001110000111110000000
0000000001110000011111000000
0000000001110000011111000000
0000000011110000000111000000
0000000011100000000011100000
0000000011100000000011100000
0000000011100000000011100000
0000000011000000000011000000
0000000111000000000111000000
0000000111000000001111000000
0000000111000000011110000000
0000000111000001111100000000
0000000111100111111000000000
0000000011111111100000000000
0000000001111111000000000000
0000000000000000000000000000
0000000000000000000000000000
0000000000000000000000000000
0000000000000000000000000000
