0000000000000000000000000000
0000000000000000000000000000
0000000000000000000000000000
0000000000000000000000000000
0000000000000000111100000000
0000000000000001111100000000
0000000000000011111000000000
0000000000000111111100000000
0000000000001111001110000000
0000000000011110001111000000
0000000000111110000111000000
0000000000111100000111000000
0000000001111000000011000000
0000000001110000000011000000
0000000011110000000011000000
0000000011100000000011000000
0000000011100000000111000000
0000000011100000001111000000
0000000011100000001110000000
0000000011100000001110000000
0000000011100000011110000000
0000000011111001111100000000
0000000001111111111000000000
0000000000111111110000000000
0000000000000000000000000000
0000000000000000000000000000
0000000000000000000000000000
0000000000000000000000000000
