0000000000000000000000000000
0000000000000000000000000000
0000000000000000000000000000
0000000000000000000000000000
0000000000000011110000000000
0000000000000011110000001000
0000000000001111110000001000
0000000000011111111110001000
0000000000011111111111001000
0000000000111110011111101000
0000000001111100000111110000
0000000011111000000011110000
0000000111110000000011110000
0000000111110000000011111000
0000001111100000000011111000
0000001111000000000111101000
0000011111000000001111101000
0000011110000000111111001000
0000011110000011111100001000
0000011111111111111000001000
0000011111111111110000001000
0000011111111110000000001000
0000001111111000000000000000
0000000000000000000000000000
0000000000000000000000000000
0000000000000000000000000000
0000000000000000000000000000
0000000000000000000000000000
