0000000000000000000000000000
0000000000000000000000000000
0000000000000000000000000000
0000000000000000000000000000
0000000000000000000000000000
0000000000000000000000000000
0000000000000000000000000000
0000000000000111111111000000
0000000000011111111111110000
0000000011111110000000111000
0000000111110000000000011000
0000001111111000000000011000
0000011100111111111111011000
0000011000001111111100011000
0000011000000000000000111000
0000011000000000000000110000
0000011000000000000001110000
0000011000000000000011100000
0000011000000000001111000000
0000011100000000011110000000
0000001111000011111000000000
0000000111111111110000000000
0000000011111110000000000000
0000000000000000000000000000
0000000000000000000000000000
0000000000000000000000000000
0000000000000000000000000000
0000000000000000000000000000
