0000000000000000000000000000
0000000000000000000000000000
0000000000000000000000000000
0000000000000000000000000000
0000000000111100000000000000
0000000000111100000000000000
0000000000111000000000000000
0000000000110001111000000000
0000000000110011111100000000
0000000001110011111100000000
0000000000110011001100000000
0000000000110011001110000000
0000000000110000001110000000
0000000000110000001110000000
0000000000110000001110000000
0000000000110000001110000000
0000000000110000001110000000
0000000000111000001110000000
0000000000111000011100000000
0000000000111000011100000000
0000000000111100111100000000
0000000000011100111000000000
0000000000001111110000000000
0000000000001111110000000000
0000000000000000000000000000
0000000000000000000000000000
0000000000000000000000000000
0000000000000000000000000000
