0000000000000000000000000000
0000000000000000000000000000
0000000000000000000000000000
0000000000000000000000000000
0000000000000000000000000000
0000000000011111000000000000
0000000001111111000000000000
0000000111111111110000000000
0000001111111111111000000000
0000001111111111111110000000
0000011111111111111111000000
0000011111110001111111110000
0000011111100000001111110000
0000011111000000000111111000
0000001111000000000011111000
0000011110000000000001111000
0000011100000000000011111000
0000011111100001111111111000
0000011111111111111111111000
0000011111111111111111110000
0000011111111111111111000000
0000001111111111000000000000
0000000000000000000000000000
0000000000000000000000000000
0000000000000000000000000000
0000000000000000000000000000
0000000000000000000000000000
0000000000000000000000000000
