0000000000000000000000000000
0000000000000000000000000000
0000000000000000000000000000
0000000000000000000000000000
0000000011111000000000000000
0000000011111111000000000000
0000000011111111110000000000
0000000011100111111100000000
0000000011100000111110000000
0000000111000000011111000000
0000000111000000000111100000
0000000111000000000011100000
0000000111000000000011110000
0000000110000000000001110000
0000001110000000000000111000
0000001110000000000000111000
0000001110000000000000111000
0000000110000000000000111000
0000000111000000000000111000
0000000111000000000011111000
0000000111000000000111110000
0000000011110000011111100000
0000000011111111111110000000
0000000000111111111000000000
0000000000000000000000000000
0000000000000000000000000000
0000000000000000000000000000
0000000000000000000000000000
