0000000000000000000000000000
0000000000000000000000000000
0000000000000000000000000000
0000000000000000000000000000
0000000000000000000000000000
0000000000000000000000000000
0000000000000000000000000000
0000000000011000011110000000
0000000000111100111111000000
0000000011111111111111100000
0000000011111111111111100000
0000000111111111110011110000
0000000111111110000011110100
0000001111111000000011110100
0000001111110000000011111100
0000001110000000000111110100
0000001110000000001111110100
0000001110000000111111100000
0000001111001111111111000000
0000001111111111111110000000
0000001111111111111100000000
0000000111111111110000000000
0000000011111110000000000000
0000000000000000000000000000
0000000000000000000000000000
0000000000000000000000000000
0000000000000000000000000000
0000000000000000000000000000
