0000000000000000000000000000
0000000000000000000000000000
0000000000000000000000000000
0000000000000000000000000000
0000000000000000000000000000
0000000000000011111100000000
0000000000000111111111000000
0000000000011111111111100000
0000000000111111111111100000
0000000001111111111011100000
0000000011111111110001110000
0000000111111111110001110000
0000000111111111000001110000
0000001111111110000001110000
0000001110111000000001110000
0000011100111000000011100000
0000111100111000000111100000
0000111000111000000111100000
0000111000110000001111000000
0000111000000000001111000000
0000111100000000111110000000
0000111110000001111100000000
0000011111111111111000000000
0000001111111111110000000000
0000000011111111000000000000
0000000000000000000000000000
0000000000000000000000000000
0000000000000000000000000000
