0000000000000000000000000000
0000000000000000000000000000
0000000000000000000000000000
0000000000000000000000000000
0000000000000000000000000000
0000000000000000000000000000
0000000000000000000011111000
0000000000000000001111111000
0000000000000000111111111000
0000000000000011111111011000
0000000000001111111111111000
0000000000111111100111111000
0000000001111111000011110000
0000000011111100000011100000
0000000111111000000111100000
0000001111110000001111000000
0000001111100000111110000000
0000001111000001111100000000
0000001111000011111000000000
0000011110001111100000000000
0000011101111111000000000000
0000011111111100000000000000
0000011111111000000000000000
0000001111100000000000000000
0000000000000000000000000000
0000000000000000000000000000
0000000000000000000000000000
0000000000000000000000000000
