0000000000000000000000000000
0000000000000000000000000000
0000000000000000000000000000
0000000000000000000000000000
0000000000000000000000000000
0000000000000000000000000000
0000000000111111100000000000
0000000011111111111000000000
0000001111111111111111000000
0000011111100011111111000000
0000011110000011111111100000
0000111100000000011111100000
0000111000000000011001110000
0000111000000000011001110000
0000111000000000000000110000
0000111000000000000000110000
0000111000000000000001110000
0000011100000000000001110000
0000011110000000000001110000
0000001111100000000011100000
0000001111111000001111100000
0000000011111111111111000000
0000000001111111111111000000
0000000000000111111000000000
0000000000000000000000000000
0000000000000000000000000000
0000000000000000000000000000
0000000000000000000000000000
