0000000000000000000000000000
0000000000000000000000000000
0000000000000000000000000000
0000000000000000000000000000
0000000000000001111111000000
0000000000000011111111000000
0000000000000111111110000000
0000000000001111111111000000
0000000000011111111111000000
0000000000111111001111000000
0000000000111110001111000000
0000000001111100001111100000
0000000011111100001111100000
0000000011111000011111100000
0000001111110000111111000000
0000001111100001111111000000
0000001111100001111111000000
0000011111000000111111000000
0000011111001111111110000000
0000011111111111111100000000
0000001111111111111100000000
0000001111111111110000000000
0000001111111111000000000000
0000001111111000000000000000
0000000000000000000000000000
0000000000000000000000000000
0000000000000000000000000000
0000000000000000000000000000
