0000000000000000000000000000
0000000000000000000000000000
0000000000000000000000000000
0000000000000000000000000000
0000000000000000000000000000
0000000000000001111110000000
0000000000000011111110000000
0000000001100111111111000000
0000000001110111111111000000
0000000001111111101111100000
0000000011111111001111100000
0000000111111100001111000000
0000000111111100001111000000
0000000111111000011111000000
0000000111111000011111000000
0000000111110000011110000000
0000000111110001111110000000
0000000111100001111100000000
0000000111100011111100000000
0000000111110111111000000000
0000000111110111111000000000
0000000111111111100000000000
0000000111111111100000000000
0000000001111110000000000000
0000000001111100000000000000
0000000000000000000000000000
0000000000000000000000000000
0000000000000000000000000000
