0000000000000000000000000000
0000000000000000000000000000
0000000000000000000000000000
0000000000000000000000000000
0000000000000000001111110000
0000000000000000011111110000
0000000000000001111111110000
0000000000001111111111111000
0000000000001111111111111000
0000000000011111111111111000
0000000001111111111111110000
0000000011111111101111000000
0000000011111110001111000000
0000000111111110001111000000
0000011111111000001111000000
0000011111110000011111000000
0000011111110000011111000000
0000011111100001111111000000
0000011111001111111111000000
0000011111111111111100000000
0000011111111111111100000000
0000011111111111110000000000
0000011111111111000000000000
0000011111111110000000000000
0000000000000000000000000000
0000000000000000000000000000
0000000000000000000000000000
0000000000000000000000000000
