0000000000000000000000000000
0000000000000000000000000000
0000000000000000000000000000
0000000000000000000000000000
0000000000000000000000000000
0000000000000111111000000000
0000000000001111011100000000
0000000000011100111110000000
0000000000111001110110000000
0000000000111000000111000000
0000000001110000000111000000
0000000001110000000011000000
0000000001100000000011000000
0000000011100000000011000000
0000000011100000000011000000
0000000011000000000011000000
0000000011000000000011000000
0000000011000000000111000000
0000000011000000000111000000
0000000011000000001110000000
0000000011000000001110000000
0000000011100000011100000000
0000000001110001111000000000
0000000001111111110000000000
0000000000111111000000000000
0000000000000000000000000000
0000000000000000000000000000
0000000000000000000000000000
