0000000000000000000000000000
0000000000000000000000000000
0000000000000000000000000000
0000000000000000000000000000
0000000000000000000000000000
0000000000111111110000000000
0000000001111111111000000000
0000000011111111111110000000
0000000111110111111111000000
0000000111110000001111000000
0000000111100000001111100000
0000001111000000000111100000
0000001111000000000111100000
0000001111000000000011100000
0000001111000000000111100000
0000000111000000001111000000
0000000111000000001111000000
0000000111100000011111000000
0000000111100000111111000000
0000000011100001111110000000
0000000011110001111110000000
0000000011111111111000000000
0000000001111111111000000000
0000000000111111110000000000
0000000000011111100000000000
0000000000000000000000000000
0000000000000000000000000000
0000000000000000000000000000
