0000000000000000000000000000
0000000000000000000000000000
0000000000000000000000000000
0000000000000000000000000000
0000000000000111110000000000
0000000000001111111000000000
0000000000001111111000000000
0000000000111111111000000000
0000000000111101111100000000
0000000000111100111110000000
0000000001111100011110000000
0000000001111000011110000000
0000000001111000011110000000
0000000001111000011110000000
0000000001110000011110000000
0000000001110000011110000000
0000000011110000011110000000
0000000011110000111110000000
0000000011110000111110000000
0000000011111011111100000000
0000000001111111111000000000
0000000001111111111000000000
0000000001111111110000000000
0000000000111110000000000000
0000000000000000000000000000
0000000000000000000000000000
0000000000000000000000000000
0000000000000000000000000000
