0000000000000000000000000000
0000000000000000000000000000
0000000000000000000000000000
0000000000000000000000000000
0000000000000000000000000000
0000000000000000111111000000
0000000000000011111111000000
0000000000000111111111100000
0000000000001111111111100000
0000000000011111111111100000
0000000000111111111111100000
0000000001111111111111100000
0000000001111001111111100000
0000000011111001100111100000
0000111011110000001111000000
0000110111100000001111000000
0000000111100000011110000000
0000001111000000111100000000
0000001110000001111100000000
0000001110000011111000000000
0000001110000111110000000000
0000011110011111100000000000
0000001111111111000000000000
0000001111111110000000000000
0000000111111000000000000000
0000000000000000000000000000
0000000000000000000000000000
0000000000000000000000000000
