0000000000000000000000000000
0000000000000000000000000000
0000000000000000000000000000
0000000000000000000000000000
0000000000000000000000000000
0000000000000111111111000000
0000000000001111111111000000
0000000000111111111111100000
0000000000111111001111100000
0000000001111100001111100000
0000000011111000001111100000
0000000111110000011111100000
0000001111100000011111100000
0000001111100000011111100000
0000001111000000011111100000
0000011110000000011111000000
0000011110000000011111000000
0000011100000000011100000000
0000011100000000111100000000
0000011100000001111100000000
0000011100000001111000000000
0000011111000111111000000000
0000011111111111110000000000
0000001111111111100000000000
0000000011111110000000000000
0000000000000000000000000000
0000000000000000000000000000
0000000000000000000000000000
