0000000000000000000000000000
0000000000000000000000000000
0000000000000000000000000000
0000000000000000000000000000
0000000000000000000000000000
0000000000000100000000000000
0000000000011110000000000000
0000000000111111111100000000
0000000000111111111111000000
0000000001111111111111110000
0000000011111100000011111000
0000000011111100000000111100
0000000111001110000000011100
0000000111000100000000001100
0000001110000000000000001100
0000001110000000000000011100
0000001110000000000000111000
0000001100000000000011111000
0000001100000000000111110000
0000001100000000001111000000
0000001110000001111110000000
0000001111000011111000000000
0000000111111111100000000000
0000000111111110000000000000
0000000000000000000000000000
0000000000000000000000000000
0000000000000000000000000000
0000000000000000000000000000
