0000000000000000000000000000
0000000000000000000000000000
0000000000000000000000000000
0000000000000000000000000000
0000000000000111110000000000
0000000000001111111000000000
0000000000011100111000000000
0000000000011000011100000000
0000000000011000011100000000
0000000000111000011100000000
0000000000110000001100000000
0000000000110000001100000000
0000000001110000001110000000
0000000001110000001110000000
0000000001110000001100000000
0000000001100000001110000000
0000000001100000001100000000
0000000001100000011100000000
0000000001100000011100000000
0000000001100000111000000000
0000000001110001111000000000
0000000001111011110000000000
0000000000111111100000000000
0000000000011111000000000000
0000000000000000000000000000
0000000000000000000000000000
0000000000000000000000000000
0000000000000000000000000000
