0000000000000000000000000000
0000000000000000000000000000
0000000000000000000000000000
0000000000000000000111000000
0000000000000000011111000000
0000000000000000011111100000
0000000000000001111111100000
0000000000000011111111100000
0000000000000111111011100000
0000000000011111110011100000
0000000000111111100111100000
0000000000111100000111100000
0000000001111100000111100000
0000000111110000000111100000
0000001111100000001111000000
0000011110000000011111000000
0000011110000001111111000000
0000011100000001111110000000
0000111000000111111100000000
0000111111111111110000000000
0000111111111111110000000000
0000111111111111000000000000
0000011111111000000000000000
0000000000000000000000000000
0000000000000000000000000000
0000000000000000000000000000
0000000000000000000000000000
0000000000000000000000000000
