0000000000000000000000000000
0000000000000000000000000000
0000000000000000000000000000
0000000000000000000000000000
0000000000000000000000000000
0000000000000000000000000000
0000000000000000011111110000
0000000000011111111111111000
0000000000111111111111111000
0000000000111111111111111000
0000000011111111100000111000
0000000111111110000001111000
0000001111111100000001111000
0000001111111100000001111000
0000011111011100000011110000
0000011110000000000111110000
0000011110000000001111110000
0000011110000000111111000000
0000011110000011111100000000
0000011111001111111100000000
0000011111111111111000000000
0000011111111111110000000000
0000001111111110000000000000
0000000000000000000000000000
0000000000000000000000000000
0000000000000000000000000000
0000000000000000000000000000
0000000000000000000000000000
