0000000000000000000000000000
0000000000000000000000000000
0000000000000000000000000000
0000000000000000000000000000
0000000001111000000000000000
0000000011111100000000000000
0000000111111100000011100000
0000001111011100000111110000
0000001111011100000011110000
0000001110001000000001111000
0000001110000000000000111000
0000011100000000000000111000
0000011100000000000000111000
0000011100000000000000111000
0000011100000000000000111000
0000011100000000000000111000
0000011100000000000000111000
0000011100000000000001111000
0000011110000000000011110000
0000001111000000000111110000
0000001111110000001111100000
0000000111111111111111000000
0000000011111111111100000000
0000000000011111110000000000
0000000000000000000000000000
0000000000000000000000000000
0000000000000000000000000000
0000000000000000000000000000
