0000000000000000000000000000
0000000000000000000000000000
0000000000000000000000000000
0000000000000000000000000000
0000000000000111100000000000
0000000000000111100000000000
0000000000001111110000000000
0000000000011111110000000000
0000000000111111110000000000
0000000000111110111000000000
0000000001111100111000000000
0000000001111000111000000000
0000000001110000111100000000
0000000001110000011100000000
0000000011110000011100000000
0000000011110000011100000000
0000000001110000011100000000
0000000001110000111000000000
0000000001110000111000000000
0000000001110000111000000000
0000000000111001111000000000
0000000000111111110000000000
0000000000011111110000000000
0000000000001111100000000000
0000000000000000000000000000
0000000000000000000000000000
0000000000000000000000000000
0000000000000000000000000000
