0000000000000000000000000000
0000000000000000000000000000
0000000000000000000000000000
0000000000000000000000000000
0000000000000000000111100000
0000000000000000011111110000
0000000000000000111111110000
0000000000000001111111110000
0000000000000111111001110000
0000000000001111100011110000
0000000000011111000011110000
0000000000011110000111110000
0000000001111100000111110000
0000000011111000011111100000
0000000111110000011111000000
0000001111100011111111000000
0000011111011111111110000000
0000011111111111111000000000
0000011111111111110000000000
0000111111111110000000000000
0000111111111100000000000000
0000111111111000000000000000
0000011111000000000000000000
0000000000000000000000000000
0000000000000000000000000000
0000000000000000000000000000
0000000000000000000000000000
0000000000000000000000000000
