0000000000000000000000000000
0000000000000000000000000000
0000000000000000000000000000
0000000000000000000000000000
0000000000000011111111000000
0000000000001111111111100000
0000000001111111111111110000
0000000001111111111111110000
0000000011111110000011110000
0000000011111000000011110000
0000000111110000000011111000
0000000111110000000001111000
0000001111110000000011111000
0000001111100000000011111000
0000011111100000000111110000
0000011111000000001111110000
0000011111000000001111110000
0000011111000000111111000000
0000011111000001111110000000
0000011111100111111110000000
0000001111111111111000000000
0000001111111111111000000000
0000000111111111110000000000
0000000001111110000000000000
0000000000000000000000000000
0000000000000000000000000000
0000000000000000000000000000
0000000000000000000000000000
