0000000000000000000000000000
0000000000000000000000000000
0000000000000000000000000000
0000000000000000000000000000
0000000000000000011110000000
0000000000000000111111100000
0000000000000011111111100000
0000000000000111110011110000
0000000000001111100011110000
0000000000111110000001110000
0000000001111110000001110000
0000000011110000000001110000
0000000111110000000001110000
0000000111000000000001110000
0000001110000000000001110000
0000011110000000000011110000
0000011100000000000011100000
0000111100000000000111100000
0000111100000000001111000000
0000111000000000111110000000
0000111100000001111100000000
0000111111111111110000000000
0000011111111111000000000000
0000001111111000000000000000
0000000000000000000000000000
0000000000000000000000000000
0000000000000000000000000000
0000000000000000000000000000
