0000000000000000000000000000
0000000000000000000000000000
0000000000000000000000000000
0000000000000000000000000000
0000000000000000000000000000
0000000000000011111100000000
0000000000000111111100000000
0000000000001111111100000000
0000000000011111111100000000
0000000000111110111110000000
0000000000111101111110000000
0000000001111101101110000000
0000000011111000001110000000
0000000011110000001110000000
0000000111100000001100000000
0000000111100000011100000000
0000000111100000011100000000
0000000111000000111100000000
0000000111000000111100000000
0000000111000001111000000000
0000000111000011111000000000
0000000111100111110000000000
0000000111111111100000000000
0000000011111111100000000000
0000000001111100000000000000
0000000000000000000000000000
0000000000000000000000000000
0000000000000000000000000000
