0000000000000000000000000000
0000000000000000000000000000
0000000000000000000000000000
0000000000000000000000000000
0000000000000111100000000000
0000000000000111101110000000
0000000000001111011111100000
0000000000011110001111110000
0000000000111110000011110000
0000000001111100000011110000
0000000011111000000011110000
0000000111110000000011110000
0000000111100000000011110000
0000001111100000000011110000
0000001111000000000011110000
0000011111000000000111100000
0000011110000000001111100000
0000111100000000011111000000
0000111100000001111110000000
0000111000000011111100000000
0000111000011111111100000000
0000111111111111110000000000
0000111111111111100000000000
0000011111111100000000000000
0000000000000000000000000000
0000000000000000000000000000
0000000000000000000000000000
0000000000000000000000000000
