0000000000000000000000000000
0000000000000000000000000000
0000000000000000000000000000
0000000000000000000000000000
0000000000000000000000000000
0000000000000000000000000000
0000000000001111000000000000
0000000000111111100000000000
0000000001111111110000000000
0000000011111111111100000000
0000000111110001111110000000
0000000111100001111111000000
0000001111000000001111011000
0000001110000000000111011000
0000011110000000000111011000
0000011100000000000111011000
0000011100000000011111011000
0000011100000000111111011000
0000011111011111111110011000
0000011111111111111000011000
0000001111111111100000000000
0000000000110000000000000000
0000000000000000000000000000
0000000000000000000000000000
0000000000000000000000000000
0000000000000000000000000000
0000000000000000000000000000
0000000000000000000000000000
