0000000000000000000000000000
0000000000000000000000000000
0000000000000000000000000000
0000000000000000000000000000
0000000000000000111100000000
0000000000000001111100000000
0000000000000011111110000000
0000000000001111111110000000
0000000000001111001111000000
0000000000111110000111000000
0000000001111000000111000000
0000000011110000000111000000
0000000011110000000111000000
0000000111100000001111000000
0000000111000000001111000000
0000001111000000011110000000
0000001110000000011110000000
0000011110000000111100000000
0000011110000001111000000000
0000011110000011111000000000
0000011110001111110000000000
0000011110111111100000000000
0000001111111111000000000000
0000000111111110000000000000
0000000000000000000000000000
0000000000000000000000000000
0000000000000000000000000000
0000000000000000000000000000
