0000000000000000000000000000
0000000000000000000000000000
0000000000000000000000000000
0000000000000000000000000000
0000000000000000000000000000
0000000000000111110000000000
0000000000011111110000000000
0000000011111111111111100000
0000000111111111111111100000
0000000111111111111111110000
0000001111111111111111110000
0000011111110011110011110000
0000011111000011100011110000
0000011110000000000111110000
0000011110000000000111110000
0000111100000000000111110000
0000111100000000001111110000
0000111100000000011111100000
0000111111000011111111000000
0000111111111111111110000000
0000111111111111111100000000
0000000111111111110000000000
0000000111111111100000000000
0000000000000000000000000000
0000000000000000000000000000
0000000000000000000000000000
0000000000000000000000000000
0000000000000000000000000000
