0000000000000000000000000000
0000000000000000000000000000
0000000000000000000000000000
0000000000000000000000000000
0000000000000000011110000000
0000000000000011111111000000
0000000000000011111111000000
0000000000000111111111100000
0000000000001111111111110000
0000000000011111111111110000
0000000000111111011111110000
0000000000111100011111110000
0000000001111100011111110000
0000000011111000011111110000
0000000111110000000111110000
0000001111100000011111100000
0000011111100000011111100000
0000111111100000111111000000
0000111110000001111110000000
0000111110000111111000000000
0000111111111111110000000000
0000111111111111100000000000
0000111111111111000000000000
0000111111111100000000000000
0000000000000000000000000000
0000000000000000000000000000
0000000000000000000000000000
0000000000000000000000000000
