0000000000000000000000000000
0000000000000000000000000000
0000000000000000000000000000
0000000000000000000000000000
0000000000000000000000000000
0000000000000001100000000000
0000000000001111111111100000
0000000000111111111111110000
0000000001111111111111111000
0000000011111111111111111000
0000000011111111111110111100
0000000111111111100000111100
0000000111111111000000011100
0000001111111100000000011100
0000001111111100000000111100
0000001111110000000000111100
0000001111110000000000111100
0000001111100000000001111000
0000001111110000000011111000
0000001111111000001111110000
0000001111111100111111100000
0000000111111111111111000000
0000000011111111111110000000
0000000001111111110000000000
0000000000001100000000000000
0000000000000000000000000000
0000000000000000000000000000
0000000000000000000000000000
