0000000000000000000000000000
0000000000000000000000000000
0000000000000000000000000000
0000000000000000000000000000
0000000000000111111100000000
0000000000001111111110000000
0000000000011111101111000000
0000000000111111001111000000
0000000001111100000011100000
0000000001111100000011100000
0000000011111000000011100000
0000000011110000000011100000
0000000011110000000011100000
0000000111100000000011100000
0000001111100000000011100000
0000001111000000000011100000
0000001111000000000111000000
0000011110000000000111000000
0000011110000000001111000000
0000011110000000011111000000
0000011110000000111100000000
0000001111000001111100000000
0000001111111111110000000000
0000001111111111110000000000
0000000000000000000000000000
0000000000000000000000000000
0000000000000000000000000000
0000000000000000000000000000
