0000000000000000000000000000
0000000000000000000000000000
0000000000000000000000000000
0000000000000011000000000000
0000000000000011100000000000
0000000000000011110000000000
0000000000000011110000000000
0000000000000011110000000000
0000000000000001111000000000
0000000000000001111000000000
0000000000011000111000000000
0000000000111100111100000000
0000000000111100111100000000
0000000001111000111100000000
0000000001110000111100000000
0000000011110000111100000000
0000000011100000111100000000
0000000111100000111000000000
0000000111100001110000000000
0000000011111111110000000000
0000000011111111110000000000
0000000001111111100000000000
0000000000111111000000000000
0000000000000000000000000000
0000000000000000000000000000
0000000000000000000000000000
0000000000000000000000000000
0000000000000000000000000000
