0000000000000000000000000000
0000000000000000000000000000
0000000000000000000000000000
0000000000000000000000000000
0000000000000001111110000000
0000000000001111111111000000
0000000000011111111111100000
0000000000111111110111100000
0000000001111111100011100000
0000000001111111100011100000
0000000011111101100011100000
0000000111111011000011100000
0000001111111111100011100000
0000001111111111000011100000
0000001111100000000111100000
0000011111000000000111000000
0000011111000000001111000000
0000011111000000001111000000
0000011111000000011110000000
0000011111000001111100000000
0000011111111111111100000000
0000001111111111111000000000
0000001111111111100000000000
0000000011111111000000000000
0000000000000000000000000000
0000000000000000000000000000
0000000000000000000000000000
0000000000000000000000000000
