0000000000000000000000000000
0000000000000000000000000000
0000000000000000000000000000
0000000000000000000000000000
0000000000000000111100000000
0000000000000001111110000000
0000000000000011111110000000
0000000000000111111110000000
0000000000000111111110000000
0000000000001111111110000000
0000000000011111101111000000
0000000000011111001111000000
0000000000111110001111000000
0000000001111110001111000000
0000000001111100001110000000
0000000011111000011110000000
0000000011110000111110000000
0000000111110001111100000000
0000000111110111111000000000
0000000111101111110000000000
0000000111111111100000000000
0000000111111111000000000000
0000000111111100000000000000
0000000111110000000000100000
0000000000000000000000000000
0000000000000000000000000000
0000000000000000000000000000
0000000000000000000000000000
