0000000000000000000000000000
0000000000000000000000000000
0000000000000000000000000000
0000000000000000000000000000
0000000000111111000000000000
0000000000111111000000000000
0000000000111111110000000000
0000000000011111111000000000
0000000000011111111000000000
0000000000011111111100000000
0000000000011111111100000000
0000000000111110111110000000
0000000000111100111110000000
0000000000111100011110000000
0000000000111100011110000000
0000000000111100011110000000
0000000000111100111110000000
0000000000111100111110000000
0000000000111101111100000000
0000000000011111111100000000
0000000000011111111000000000
0000000000011111111000000000
0000000000011111110000000000
0000000000011111100000000000
0000000000000000000000000000
0000000000000000000000000000
0000000000000000000000000000
0000000000000000000000000000
