0000000000000000000000000000
0000000000000000000000000000
0000000000000000000000000000
0000000000000000000000000000
0000000000000000000000000000
0000000000000000000000000000
0000000000000000000000000000
0000000011100000000000000000
0000000111100110000000000000
0000001111101111111000000000
0000001111100111111110000000
0000011111100111111111000000
0000011111100011111111110000
0000011111000000011111111000
0000011111000000011111111000
0000011111000000011111111000
0000011111000000011111111000
0000011111111111111111100000
0000011111111111111111000000
0000011111111111111110000000
0000001111111111111100000000
0000000000110000000000000000
0000000000000000000000000000
0000000000000000000000000000
0000000000000000000000000000
0000000000000000000000000000
0000000000000000000000000000
0000000000000000000000000000
