0000000000000000000000000000
0000000000000000000000000000
0000000000000000000000000000
0000000000001110000000000000
0000000000000111000000000000
0000000000011111100000000000
0000000000111101110000000000
0000000001110001110000000000
0000000001110000111000000000
0000000011100000011000000000
0000000011100000011100000000
0000000011000000001110000000
0000000011000000001110000000
0000000011000000000110000000
0000000011000000000111000000
0000000011000000000111000000
0000000011000000000111000000
0000000011000000000111000000
0000000011100000000111000000
0000000011100000001110000000
0000000011110000111110000000
0000000001111111111000000000
0000000000111111110000000000
0000000000000000000000000000
0000000000000000000000000000
0000000000000000000000000000
0000000000000000000000000000
0000000000000000000000000000
