0000000000000000000000000000
0000000000000000000000000000
0000000000000000000000000000
0000000000000000000000000000
0000000000000000000000000000
0000000001111111100000000000
0000000001111111111000000000
0000000001111111111100000000
0000000001100011111110000000
0000000001101111111111000000
0000000001111111101111000000
0000000011111100000111000000
0000000011111000000111100000
0000000111100000000111100000
0000001111000000000111100000
0000001110000000001111000000
0000001110000000011111000000
0000001110000000011110000000
0000011110000000111110000000
0000011110000001111100000000
0000001110000011111000000000
0000001111000111110000000000
0000001111111111110000000000
0000000111111111100000000000
0000000011111110000000000000
0000000000000000000000000000
0000000000000000000000000000
0000000000000000000000000000
