0000000000000000000000000000
0000000000000000000000000000
0000000000000000000000000000
0000000000000000000000000000
0000000000000000000000000000
0000000000011111111000000000
0000000000111111111000000000
0000000001111111111100000000
0000000001111111111110000000
0000000001111110011110000000
0000000001111110001110000000
0000000001111000001111000000
0000000001111000001111000000
0000000001110000000111000000
0000000001100000000111000000
0000000001100000001110000000
0000000011100000001110000000
0000000111100000001110000000
0000000111100000001110000000
0000000111100000011110000000
0000000111100000011110000000
0000000011111001111000000000
0000000001111111111000000000
0000000001111111110000000000
0000000001111111100000000000
0000000000000000000000000000
0000000000000000000000000000
0000000000000000000000000000
