0000000000000000000000000000
0000000000000000000000000000
0000000000000000000000000000
0000000000000001111100000000
0000000000000001111110000000
0000000000000011111110000000
0000000000000111111110000000
0000000000000111111110000000
0000000000001111111111000000
0000000000011111101111000000
0000000000111111001111000000
0000000001111110001111000000
0000000001111110001111000000
0000000011111100001111000000
0000000111111000011111000000
0000000111110000011110000000
0000001111110000011111000000
0000001111100000111111000000
0000001111100001111110000000
0000001111111111111100000000
0000001111111111111000000000
0000001111111111110000000000
0000000111111111000000000000
0000000000000000000000000000
0000000000000000000000000000
0000000000000000000000000000
0000000000000000000000000000
0000000000000000000000000000
