0000000000000000000000000000
0000000000000000000000000000
0000000000000000000000000000
0000000000000000000000000000
0000000000000000111110000000
0000000000000111111110000000
0000000000011111111111000000
0000000000111111111111000000
0000000001111111111111000000
0000000001100011100111000000
0000000000000111000111000000
0000000000010110000111000000
0000000000011000000111000000
0000000000111000001110000000
0000000001110000011110000000
0000000011100000011110000000
0000000111000000111100000000
0000001111000001111000000000
0000001110000111111000000000
0000011110011111110000000000
0000011111111111100000000000
0000011111111111000000000000
0000011111111100000000000000
0000011111110000000000000000
0000000000000000000000000000
0000000000000000000000000000
0000000000000000000000000000
0000000000000000000000000000
