0000000000000000000000000000
0000000000000000000000000000
0000000000000000000000000000
0000000000000111110000000000
0000000000001111110000000000
0000000000001111110000000000
0000000000011111111000000000
0000000000111111111100000000
0000000000111100001100000000
0000000000111000000110000000
0000000001111000000110000000
0000000001111000000111000000
0000000001110000000111000000
0000000001110000000111000000
0000000011100000000111000000
0000000011100000000111000000
0000000011100000000111000000
0000000011100000001111000000
0000000011110000011110000000
0000000001110001111110000000
0000000001111111111110000000
0000000001111111111000000000
0000000000111111110000000000
0000000000000000000000000000
0000000000000000000000000000
0000000000000000000000000000
0000000000000000000000000000
0000000000000000000000000000
