0000000000000000000000000000
0000000000000000000000000000
0000000000000000000000000000
0000000000000000000000000000
0000000000000000000000000000
0000000000000000000000000000
0000000000000000000111100000
0000000000000000001111100000
0000000000000000011111110000
0000000000000011111111110000
0000000000001111111111110000
0000000000011111110111110000
0000000001111110001111100000
0000000111111110011111100000
0000001111111000111111000000
0000011111100000111110000000
0000111111000111111100000000
0000111110111111111000000000
0000111111111111110000000000
0000111111111100000000000000
0000111111110000000000000000
0000001101100000000000000000
0000000000000000000000000000
0000000000000000000000000000
0000000000000000000000000000
0000000000000000000000000000
0000000000000000000000000000
0000000000000000000000000000
