0000000000000000000000000000
0000000000000000000000000000
0000000000000000000000000000
0000000000000000000000000000
0000000000000000000000000000
0000000000000000000000000000
0000000000000000000000000000
0000000000001111110000000000
0000000000011111110000000000
0000000000111111111111000000
0000000001111111111111110000
0000000011111111111111111000
0000000011111111100011111000
0000000111110111000000111000
0000000111100000000000111000
0000001111000000000001111000
0000011111000000000011111000
0000011110000000001111110000
0000011110000000111111000000
0000011111111111111100000000
0000011111111111111000000000
0000000000000000000000000000
0000000000000000000000000000
0000000000000000000000000000
0000000000000000000000000000
0000000000000000000000000000
0000000000000000000000000000
0000000000000000000000000000
