0000000000000000000000000000
0000000000000000000000000000
0000000000000000000000000000
0000000000000000000000000000
0000000000000000000000000000
0000000000000011111000000000
0000000000011111111100000000
0000000000111111111110000000
0000000011111111111111000000
0000000011111111111111110000
0000000011111001111111110000
0000001111110001111111111000
0000001111100000111101111000
0000001111000000011000111000
0000001111000000000000111000
0000001110000000000000111000
0000001110000000000001111000
0000011110000000000001111000
0000011110000000000001111000
0000011111000000000111110000
0000011111111101011111110000
0000011111111101111110000000
0000001111111111111000000000
0000000011111111100000000000
0000000000000111000000000000
0000000000000000000000000000
0000000000000000000000000000
0000000000000000000000000000
