0000000000000000000000000000
0000000000000000000000000000
0000000000000000000000000000
0000000000000000000000000000
0000000000000011111100000000
0000000000000111111110000000
0000000000011111111110000000
0000000000011111111110000000
0000000000111111001110000000
0000000001111111001110000000
0000000011111111001110000000
0000000011110000001110000000
0000000011110000011110000000
0000000011110000011110000000
0000000111100000011110000000
0000000111100000011110000000
0000000111100000011110000000
0000000111100000111100000000
0000000111100001111100000000
0000000111100011111100000000
0000000111100111111000000000
0000000111111111110000000000
0000000111111111100000000000
0000000011111111000000000000
0000000000000000000000000000
0000000000000000000000000000
0000000000000000000000000000
0000000000000000000000000000
