0000000000000000000000000000
0000000000000000000000000000
0000000000000000000000000000
0000000000000000000000000000
0000000000000111111000000000
0000000000011111111100000000
0000000000011110111100000000
0000000000111100011110000000
0000000000111000011110000000
0000000001111000011110000000
0000000001110000001110000000
0000000001110000001111000000
0000000001110000001111000000
0000000001110000001111000000
0000000011110000001111000000
0000000011110001110110000000
0000000011110001111000000000
0000000011110001111000000000
0000000011110001111000000000
0000000011111001111000000000
0000000001111000111000000000
0000000000111101111000000000
0000000000111111111000000000
0000000000001111110000000000
0000000000000000000000000000
0000000000000000000000000000
0000000000000000000000000000
0000000000000000000000000000
