0000000000000000000000000000
0000000000000000000000000000
0000000000000000000000000000
0000000000000000000000000000
0000000000000011111000000000
0000000000000011110000000000
0000000000001111111100000000
0000000000001111111100000000
0000000000111111111110000000
0000000000111111111111000000
0000000011111100111111000000
0000000011111100111111000000
0000000011111100001111000000
0000000011111000001111000000
0000000111110000000111000000
0000000111110000000111000000
0000001111110000001111000000
0000001111110000001111000000
0000001111100001111111000000
0000001111100011111111000000
0000001111111111111100000000
0000001111111111111100000000
0000000111111111110000000000
0000000011111111000000000000
0000000000000000000000000000
0000000000000000000000000000
0000000000000000000000000000
0000000000000000000000000000
