0000000000000000000000000000
0000000000000000000000000000
0000000000000000000000000000
0000000000000000000000000000
0000000000000001111100000000
0000000000000111111110000000
0000000000001111111111000000
0000000000011111111111000000
0000000000011111111111000000
0000000000111110011111000000
0000000001111110001111000000
0000000001111100001111000000
0000000011111000001111000000
0000000011110000001111000000
0000000111110000001111000000
0000000111100000001111000000
0000000111100000011111000000
0000000111100000011111000000
0000000111100000111110000000
0000000111100001111100000000
0000000111110111111100000000
0000000011111111111000000000
0000000011111111110000000000
0000000000111111100000000000
0000000000000000000000000000
0000000000000000000000000000
0000000000000000000000000000
0000000000000000000000000000
