0000000000000000000000000000
0000000000000000000000000000
0000000000000000000000000000
0000000000000000000000000000
0000000000000000000000000000
0000000000000000000000000000
0000000000000000000000000000
0000000111111111111111000000
0000001111111111111111110000
0000001111111111111111111000
0000001111111111111111111000
0000001111111111100000111000
0000000111111111100000111000
0000000111111111100000111000
0000000111111111100001111000
0000001111111111000011111000
0000011111100110000111111000
0000011111100000001111110000
0000011111000000111111100000
0000011110000001111111000000
0000011110001111111110000000
0000011111111111111000000000
0000011111111111100000000000
0000001111111110000000000000
0000000011110000000000000000
0000000000000000000000000000
0000000000000000000000000000
0000000000000000000000000000
