0000000000000000000000000000
0000000000000000000000000000
0000000000000000000000000000
0000000000000000000000000000
0000000000011110000000000000
0000000000111111100000000000
0000000001111111111000000000
0000000011111111111100000000
0000000011111111111110000000
0000000111111100111111000000
0000001111111100001111100000
0000001111111100000111110000
0000001111100000000011111000
0000001111100000000001111000
0000001111000000000001111000
0000001111000000000000111100
0000001111100000000001111100
0000001111100000000011111100
0000001111110000111111111100
0000000111111111111111111000
0000000011111111111111110000
0000000011111111111111000000
0000000001111111111000000000
0000000000000000000000000000
0000000000000000000000000000
0000000000000000000000000000
0000000000000000000000000000
0000000000000000000000000000
