0000000000000000000000000000
0000000000000000000000000000
0000000000000000000000000000
0000000000000000000000000000
0000000000000000000000111000
0000000000000000000111111000
0000000000000000011111111000
0000000000000001111111111000
0000000000000011111111111000
0000000000001111111111111000
0000000000011111111101111000
0000000000111111110011110000
0000000001111111000111110000
0000000011111110001111100000
0000000111111100011111100000
0000001111110001111111000000
0000001111110111111110000000
0000011111101111111110000000
0000011111111111111100000000
0000011111111111100000000000
0000011111111111000000000000
0000011111111100000000000000
0000011111111000000000000000
0000001100000000000000000000
0000000000000000000000000000
0000000000000000000000000000
0000000000000000000000000000
0000000000000000000000000000
