0000000000000000000000000000
0000000000000000000000000000
0000000000000000000000000000
0000000000000000000000000000
0000000000000000011110000000
0000000000000000111111000000
0000000000000011111111100000
0000000000000011111111100000
0000000000001111111111100000
0000000000001111110011100000
0000000000011111000111100000
0000000000111110000111100000
0000000001111110000111110000
0000000001111100001111100000
0000000011111000011111100000
0000000111110000111111000000
0000001111110001111111000000
0000001111100111111110000000
0000001111011111111110000000
0000001111111111111000000000
0000001111111111110000000000
0000001111111111000000000000
0000001111111110000000000000
0000000111110000000000000000
0000000000000000000000000000
0000000000000000000000000000
0000000000000000000000000000
0000000000000000000000000000
