0000000000000000000000000000
0000000000000000000000000000
0000000000000000000000000000
0000000000000000000000000000
0000000000000000000000000000
0000000000000011100000000000
0000000000000011110000000000
0000000000111111111000000000
0000000001111111111111000000
0000011111111111111111100000
0000011111111111111111110000
0000011111111111111111110000
0000011111111100111111111000
0000011111110000011111111000
0000011111110000000111111000
0000011111111000111111111000
0000011111111111111111111000
0000011111111111111111111000
0000001111111111111111110000
0000001111111111111111100000
0000000011111111111111000000
0000000001111111110000000000
0000000000000000000000000000
0000000000000000000000000000
0000000000000000000000000000
0000000000000000000000000000
0000000000000000000000000000
0000000000000000000000000000
