0000000000000000000000000000
0000000000000000000000000000
0000000000000000000000000000
0000000000000000000000000000
0000000000000001111100000000
0000000000000111111110000000
0000000000001111101110000000
0000000000111111001110000000
0000000000111000000111000000
0000000000110000000011000000
0000000001110000000011000000
0000000001110000000011000000
0000000001100000000011000000
0000000001100000000011000000
0000000001100000000011000000
0000000011100000000111000000
0000000011100000000111000000
0000000011100000000110000000
0000000011110000000110000000
0000000001110000000110000000
0000000001111000001100000000
0000000000111100011100000000
0000000000111111111000000000
0000000000011111110000000000
0000000000000000000000000000
0000000000000000000000000000
0000000000000000000000000000
0000000000000000000000000000
