0000000000000000000000000000
0000000000000000000000000000
0000000000000000000000000000
0000000000000000000000000000
0000000000000000000000110000
0000000000000000001110110000
0000000000000000011100000000
0000000000000011111110000000
0000000000000011110111100000
0000000000001111001111100000
0000000000011110000111100000
0000000000111100001111000000
0000000011111100011111000000
0000000111110000011110000000
0000000111100000011110000000
0000011111000001111100000000
0000011100000011111100000000
0000111100001111111000000000
0000111100011111110000000000
0000111111111110000000000000
0000111111111110000000000000
0000001111110000000000000000
0000000000000000000000000000
0000000000000000000000000000
0000000000000000000000000000
0000000000000000000000000000
0000000000000000000000000000
0000000000000000000000000000
