0000000000000000000000000000
0000000000000000000000000000
0000000000000000000000000000
0000000000000000000000000000
0000000000000000000000000000
0000000000000000000000000000
0000000000000011111100000000
0000000000001111111110000000
0000000000111111111111110000
0000000011111111111111110000
0000000011111110001111110000
0000000111111000000001110000
0000011111110000000001110000
0000011111100000000001110000
0000011111000000000011110000
0000111110000000000011110000
0000111100000000000111110000
0000111100000000011111100000
0000111111000011111111100000
0000011111111111111110000000
0000011111111111111100000000
0000000111111111110000000000
0000000000010000000000000000
0000000000000000000000000000
0000000000000000000000000000
0000000000000000000000000000
0000000000000000000000000000
0000000000000000000000000000
