0000000000000000000000000000
0000000000000000000000000000
0000000000000000000000000000
0000000000000000000000000000
0000000000000000000000000000
0000000000000000000011100000
0000000000000001111111100000
0000000000000011111111111000
0000000000011111111111111000
0000000000111111111111111000
0000000001111111110001111000
0000000011111111100011111000
0000000111111110000011111000
0000000111111000000111110000
0000001111111000001111100000
0000011111100000111111100000
0000011111000000111111000000
0000011111000011111110000000
0000011111000011111000000000
0000011111111111110000000000
0000011111111110000000000000
0000011111111110000000000000
0000011111111000000000000000
0000000111100000000000000000
0000000000000000000000000000
0000000000000000000000000000
0000000000000000000000000000
0000000000000000000000000000
