0000000000000000000000000000
0000000000000000000000000000
0000000000000000000000000000
0000000000000000000000000000
0000000000000000000000000000
0000000000001111111000000000
0000000111111111111100000000
0000000111111111111100000000
0000001111111110111111000000
0000001111111110011111000000
0000001111111100001111100000
0000001111111110001111100000
0000001111100000001111110000
0000001111000000000111110000
0000001111000000000011110000
0000001111000000000011110000
0000001111000000000011110000
0000001111000000000011110000
0000001111100000000111110000
0000001111100000001111110000
0000000111110000111111100000
0000000111110001111111000000
0000000011111111111111000000
0000000011111111111000000000
0000000000111110000000000000
0000000000000000000000000000
0000000000000000000000000000
0000000000000000000000000000
