0000000000000000000000000000
0000000000000000000000000000
0000000000000000000000000000
0000000000000000000000000000
0000000000000000000000000000
0000000000000011111000000000
0000000000000111111100000000
0000000000001111111100000000
0000000000001111011100000000
0000000000001110011100000000
0000000000001100001100000000
0000000000011100001100000000
0000000000011100001100000000
0000000000111000001100000000
0000000000111000001100000000
0000000000111000011100000000
0000000000110000011100000000
0000000000110000011100000000
0000000000110000111000000000
0000000001110001111000000000
0000000001100011110000000000
0000000001100111100000000000
0000000001111111000000000000
0000000001111110000000000000
0000000001111100000000000000
0000000000000000000000000000
0000000000000000000000000000
0000000000000000000000000000
