0000000000000000000000000000
0000000000000000000000000000
0000000000000000000000000000
0000000000000000000000000000
0000000000001111111000000000
0000000000001111111110000000
0000000000011111111111000000
0000000000011110001111000000
0000000000111110000111000000
0000000001111100000111000000
0000000001111100000111000000
0000000001111100000111000000
0000000001111100000111000000
0000000001111000001111000000
0000000011111000011111000000
0000000011110000011111000000
0000000011110000011110000000
0000000011111001111110000000
0000000011110001111100000000
0000000011111011111100000000
0000000011111111111000000000
0000000001111111110000000000
0000000001111111110000000000
0000000000111111000000000000
0000000000000000000000000000
0000000000000000000000000000
0000000000000000000000000000
0000000000000000000000000000
