0000000000000000000000000000
0000000000000000000000000000
0000000000000000000000000000
0000000000000000000000000000
0000000000000000000000000000
0000000000000000000000000000
0000000000010111111111000000
0000000000111111111111100000
0000000011111111111111110000
0000000011111111111111111000
0000000111111111111111111000
0000000111111111111111111000
0000001111111100000111111000
0000011111111100000011111000
0000011111000000000011111000
0000011110000000000011111000
0000011110000000001111111000
0000011110000000011111111000
0000011110000011111111110000
0000011111111111111111100000
0000011111111111111110000000
0000011111111111110000000000
0000000111111110000000000000
0000000000000000000000000000
0000000000000000000000000000
0000000000000000000000000000
0000000000000000000000000000
0000000000000000000000000000
