0000000000000000000000000000
0000000000000000000000000000
0000000000000000000000000000
0000000000000000000000000000
0000000000000000000111100000
0000000000000000001111110000
0000000000000011111111110000
0000000000000111111111111000
0000000000001111111001111000
0000000000011111110001111000
0000000000111111100000111000
0000000000111110000000111000
0000000001111110000001111000
0000000001111100000001110000
0000000111111000000111110000
0000000111111000000111100000
0000001111110000011111000000
0000001111100000111110000000
0000011111000011111110000000
0000011110001111111000000000
0000011111111111110000000000
0000011111111110000000000000
0000011111111000000000000000
0000000000000000000000000000
0000000000000000000000000000
0000000000000000000000000000
0000000000000000000000000000
0000000000000000000000000000
