0000000000000000000000000000
0000000000000000000000000000
0000000000000000000000000000
0000000000000000000000000000
0000000000000000000000000000
0000000000111100111100000000
0000000001111111111110000000
0000000011111111111111100000
0000000111111111001111110000
0000000111111111000111110000
0000000111111111000001111000
0000000111101111000000111100
0000001111101111000000111100
0000001111000000000000111100
0000001111000000000000111100
0000001111000000000000111100
0000001111000000000000111100
0000001111000000000001111000
0000001111000000000011111000
0000001111100000000111110000
0000000111110000111111110000
0000000111111111111111100000
0000000011111111111110000000
0000000001111111111100000000
0000000000001110000000000000
0000000000000000000000000000
0000000000000000000000000000
0000000000000000000000000000
