0000000000000000000000000000
0000000000000000000000000000
0000000000000000000000000000
0000000000000000000000000000
0000000000000000000000000000
0000000000000000000000000000
0000000000000000000000000000
0000000000000000000000000000
0000000001111111111100000000
0000000011111111111111000000
0000000111111111111111110000
0000001111111111111111111000
0000001111110000011111111000
0000011111100000000001111000
0000011111000000000001111000
0000011111000000000001111000
0000011110000000000111111000
0000011110000000001111110000
0000011111100001111111100000
0000001111111111111111000000
0000001111111111111100000000
0000000111111111100000000000
0000000000000000000000000000
0000000000000000000000000000
0000000000000000000000000000
0000000000000000000000000000
0000000000000000000000000000
0000000000000000000000000000
