0000000000000000000000000000
0000000000000000000000000000
0000000000000000000000000000
0000000000000000000000000000
0000000000000000000000000000
0000000000000000000000000000
0000000000000000000000000000
0000000000000000000000000000
0000000000001111111000000000
0000000000111111111110000000
0000000011111000001111000000
0000001111100000000011110000
0000011111000000000001110000
0000011100000000000000111000
0000011000000000000000011000
0000011100000000000000011000
0000011110000000000001111000
0000001111111100011111111000
0000000111111111111111110000
0000000000111111111100000000
0000000000000000000000000000
0000000000000000000000000000
0000000000000000000000000000
0000000000000000000000000000
0000000000000000000000000000
0000000000000000000000000000
0000000000000000000000000000
0000000000000000000000000000
