0000000000000000000000000000
0000000000000000000000000000
0000000000000000000000000000
0000000000000000000000000000
0000000000000000011111100000
0000000000000000111111110000
0000000000000111111111110000
0000000000011111111111110000
0000000000111111110011110000
0000000001111111100011110000
0000000001111111100111110000
0000000001111110000111110000
0000000011111110000111110000
0000000011111100000111110000
0000000111111100011111100000
0000001111111000011111100000
0000001111111001111111000000
0000001111110011111110000000
0000011111101111111110000000
0000011111111111111100000000
0000011111111111110000000000
0000001111111111100000000000
0000001111111110000000000000
0000001111111000000000000000
0000000000000000000000000000
0000000000000000000000000000
0000000000000000000000000000
0000000000000000000000000000
