0000000000000000000000000000
0000000000000000000000000000
0000000000000000000000000000
0000000000000000000000000000
0000000000000000000000000000
0000000000000000000000000000
0000000000000000111000000000
0000000000000111111111000000
0000000000011111111111100000
0000000000111111111111110000
0000000001111110111111111000
0000000011111000111111111000
0000000111110000011110111000
0000001111100000001111111000
0000001111000000001111011000
0000011110000000001111000000
0000011100000000011110000000
0000011100000000111110000000
0000011100000001111100000000
0000011100000001111000000000
0000011110001111111000000000
0000011111111111110000000000
0000001111111111000000000000
0000001111111110000000000000
0000000000000000000000000000
0000000000000000000000000000
0000000000000000000000000000
0000000000000000000000000000
