0000000000000000000000000000
0000000000000000000000000000
0000000000000000000000000000
0000000000000000000000000000
0000000000000000000000000000
0000000000000111110000000000
0000000000001111111000000000
0000000000011111111100000000
0000000000111111111110000000
0000000001111111111110000000
0000000001111100001110000000
0000000001111000001110000000
0000000001111000001110000000
0000000001111000001110000000
0000000001111000001110000000
0000000001111000001110000000
0000000001111000011110000000
0000000001111000011100000000
0000000001111000111100000000
0000000001111001111000000000
0000000001111001111000000000
0000000000111011110000000000
0000000000111111110000000000
0000000000011111110000000000
0000000000011111000000000000
0000000000000000000000000000
0000000000000000000000000000
0000000000000000000000000000
