0000000000000000000000000000
0000000000000000000000000000
0000000000000000000000000000
0000000000000000000000000000
0000000000000000111111000000
0000000000000011111111000000
0000000000001111111111100000
0000000000011111111111110000
0000000000111111111111110000
0000000001111111110011110000
0000000001111111100011110000
0000001111111111000011110000
0000001111111100000011110000
0000011111111000000011110000
0000011111110000000111110000
0000011111110000001111110000
0000111111100000011111100000
0000011111000000111111100000
0000011110000001111111000000
0000011111111111111110000000
0000011111111111111110000000
0000011111111111111100000000
0000011111111111110000000000
0000001111111110000000000000
0000000000000000000000000000
0000000000000000000000000000
0000000000000000000000000000
0000000000000000000000000000
