0000000000000000000000000000
0000000000000000000000000000
0000000000000000000000000000
0000000000000111110000000000
0000000000000111111000000000
0000000000000111111000000000
0000000000001111111100000000
0000000000001110011100000000
0000000000011110011110000000
0000000000011110001110000000
0000000000111100000111000000
0000000000111000000111000000
0000000001111000000011100000
0000000001111000000011100000
0000000011110000000011100000
0000000011110000000011100000
0000000111100000000111100000
0000000111100000000111000000
0000000111000000011111000000
0000000111000001111110000000
0000000111111111111100000000
0000000111111111111000000000
0000000011111111000000000000
0000000000000000000000000000
0000000000000000000000000000
0000000000000000000000000000
0000000000000000000000000000
0000000000000000000000000000
