0000000000000000000000000000
0000000000000000000000000000
0000000000000000000000000000
0000000000000000000000000000
0000000000000000000000000000
0000000000000000111111000000
0000000000000011111111100000
0000000000000011111111100000
0000000000000111111111100000
0000000000011111111111100000
0000000000011111011011100000
0000000000111110011111100000
0000000001111100011111100000
0000000001111000001111000000
0000000011110000001111000000
0000000011110000011111000000
0000000111100000111110000000
0000000111100001111100000000
0000001111000011111100000000
0000001111000111111000000000
0000001110001111110000000000
0000001110111111100000000000
0000001111111111000000000000
0000001111111100000000000000
0000001111111000000000000000
0000000000000000000000000000
0000000000000000000000000000
0000000000000000000000000000
