0000000000000000000000000000
0000000000000000000000000000
0000000000000000000000000000
0000000000000000000000000000
0000000000000000000000000000
0000000000000000000000000000
0000000000000001111100000000
0000000000000011111100000000
1000000000000011111100000000
0000000000011111111100000000
0000000000111110011100000000
0000000001111000011100000000
0000000011110000011100000000
0000000111110000111100000000
0000000111000000111100000000
0000000110000011111100000000
0000000110000011111000000000
0000001110010111110000000000
0000001111111111110000000000
0000000111111111000000000000
0000000011111110000000000000
0000000001110100000000000000
0000000000000000000000000000
0000000000000000000000000000
0000000000000000000000000000
0000000000000000000000000000
0000000000000000000000000000
0000000000000000000000000000
