0000000000000000000000000000
0000000000000000000000000000
0000000000000000000000000000
0000000000000000000000000000
0000000000000011000000000000
0000000000000111100000000000
0000000000001111110000000000
0000000000001111111000000000
0000000000001110111100000000
0000000000011100011100000000
0000000000011100001110000000
0000000000111000000110000000
0000000000111000000110000000
0000000001110000001110000000
0000000001110000001110000000
0000000001100000011100000000
0000000001100000011100000000
0000000001100000111000000000
0000000001100000111000000000
0000000001110001111000000000
0000000001110011110000000000
0000000000110111100000000000
0000000000111111100000000000
0000000000011110000000000000
0000000000000000000000000000
0000000000000000000000000000
0000000000000000000000000000
0000000000000000000000000000
