0000000000000000000000000000
0000000000000000000000000000
0000000000000000000000000000
0000000000000000000000000000
0000000000000000001111110000
0000000000000000111111110000
0000000000000001111111110000
0000000000000111111111110000
0000000000011111111101110000
0000000000011111111011110000
0000000000111110011011110000
0000000011111000011011110000
0000000111110000011111110000
0000001111100000001111110000
0000011111000000000111100000
0000111110000000000111100000
0000111110000000001111100000
0000111100000000111111000000
0000111000000001111110000000
0000111000000011111100000000
0000111110111111111000000000
0000111111111111110000000000
0000011111111111000000000000
0000001111111100000000000000
0000000000000000000000000000
0000000000000000000000000000
0000000000000000000000000000
0000000000000000000000000000
