0000000000000000000000000000
0000000000000000000000000000
0000000000000000000000000000
0000000000000000000000000000
0000000000000001111110000000
0000000000000111111111000000
0000000000001111111111100000
0000000000011111111111100000
0000000000011111100011100000
0000000001111110000011100000
0000000001111000000011100000
0000000011111000000011100000
0000000111110000000111100000
0000001111000000000111100000
0000001111000000001111000000
0000011110000000001111000000
0000011110000000011110000000
0000011100000000011110000000
0000111100000000111110000000
0000111100000001111100000000
0000011100000111111000000000
0000011111111111110000000000
0000001111111111100000000000
0000000111111111000000000000
0000000000000000000000000000
0000000000000000000000000000
0000000000000000000000000000
0000000000000000000000000000
