0000000000000000000000000000
0000000000000000000000000000
0000000000000000000000000000
0000000000000000000000000000
0000000000000011111100000000
0000000000000111111100000000
0000000000011111111100000000
0000000000011110011100000000
0000000000111100011100000000
0000000001111000011100000000
0000000011110000001110000000
0000000011110000001110000000
0000000011100000000111000000
0000000111100000000111000000
0000000111100000000111000000
0000000111000000000111000000
0000000111000000000011000000
0000000111000000000111000000
0000000111000000000111000000
0000000111100000000111000000
0000000011100000001111000000
0000000011111001111110000000
0000000001111111111100000000
0000000000111111111000000000
0000000000000000000000000000
0000000000000000000000000000
0000000000000000000000000000
0000000000000000000000000000
