0000000000000000000000000000
0000000000000000000000000000
0000000000000000000000000000
0000000000000000000000000000
0000000000000011100000000000
0000000000000111111110000000
0000000000000111111111000000
0000000000001111111111000000
0000000000001111001111100000
0000000000011110000111100000
0000000000011110000011100000
0000000000111110000011100000
0000000001111100000011100000
0000000001110000000011100000
0000000011110000000111100000
0000000011100000000111000000
0000000111000000001111000000
0000000111000000011110000000
0000000111000001111100000000
0000000110000011111100000000
0000001111011111110000000000
0000001111111111100000000000
0000000111111111000000000000
0000000111111100000000000000
0000000000000000000000000000
0000000000000000000000000000
0000000000000000000000000000
0000000000000000000000000000
