0000000000000000000000000000
0000000000000000000000000000
0000000000000000000000000000
0000000000000000000000000000
0000000000111000000000000000
0000000000111110000000000000
0000000000111111100000000000
0000000000111111100000000000
0000000001111111110000000000
0000000001111101110000000000
0000000001111001110000000000
0000000011110000110000000000
0000000011110000000110000000
0000000011100000000111000000
0000000111100000000111100000
0000000111100000000111000000
0000000111100000000111000000
0000000111100000001111000000
0000000011100000001111000000
0000000011100000111111000000
0000000001110000111110000000
0000000001111111111110000000
0000000000111111111100000000
0000000000001111110000000000
0000000000000000000000000000
0000000000000000000000000000
0000000000000000000000000000
0000000000000000000000000000
