0000000000000000000000000000
0000000000000000000000000000
0000000000000000000000000000
0000000000000000000000000000
0000000000000000000000000000
0000000000000111111100000000
0000000000001111111110000000
0000000000011111111111000000
0000000000011111111111100000
0000000000011111110111100000
0000000000011111110111100000
0000000000111111100011100000
0000000001111111000011100000
0000000001111111100111100000
0000000011111111000111100000
0000000011111100001111100000
0000000111110000001111000000
0000000111100000011111000000
0000001111100000111110000000
0000001111000001111100000000
0000001111000111111000000000
0000001111001111110000000000
0000001111111111100000000000
0000001111111111000000000000
0000000111111110000000000000
0000000000000000000000000000
0000000000000000000000000000
0000000000000000000000000000
