0000000000000000000000000000
0000000000000000000000000000
0000000000000000000000000000
0000000000000000000000000000
0000000000000000011110000000
0000000000000011111111100000
0000000000000011111111100000
0000000000000111111111100000
0000000000001111111111100000
0000000000011111110111100000
0000000000111111100111100000
0000000000111111000111100000
0000000001111111001111100000
0000000001111110001111100000
0000000011111100011111000000
0000000111111000111111000000
0000000111111001111110000000
0000000111110001111110000000
0000001111110011111110000000
0000001111101111111100000000
0000001111111111111000000000
0000001111111111110000000000
0000000111111111000000000000
0000000111111110000000000000
0000000000000000000000000000
0000000000000000000000000000
0000000000000000000000000000
0000000000000000000000000000
