0000000000000000000000000000
0000000000000000000000000000
0000000000000000000000000000
0000000000000000000000000000
0000000000000000000000000000
0000000000000011111100000000
0000000000000111111100000000
0000000000001111111100000000
0000000000011111111110000000
0000000000011110111110000000
0000000000111100001111000000
0000000000111100001111000000
0000000001111000000111000000
0000000001110000000111000000
0000000011110000000111000000
0000000011100000001111000000
0000000011100000001111000000
0000000011100000001111000000
0000000111100000011110000000
0000000111000000111110000000
0000000111000001111100000000
0000000111100011111000000000
0000000011111111110000000000
0000000011111111100000000000
0000000001111110000000000000
0000000000000000000000000000
0000000000000000000000000000
0000000000000000000000000000
