0000000000000000000000000000
0000000000000000000000000000
0000000000000000000000000000
0000000000000000000000000000
0000000000000000011100000000
0000000000000001011110000000
0000000000000011111110000000
0000000000000111111110000000
0000000000001111111110000000
0000000000001111101110000000
0000000000011111111110000000
0000000000111111111110000000
0000000000111100011100000000
0000000001111100111100000000
0000000011111000111100000000
0000000011110001111100000000
0000000011100011111000000000
0000000111100111111000000000
0000000111001111110000000000
0000000111011111100000000000
0000000111111111000000000000
0000000111111110000000000000
0000000111111100000000000000
0000000111111000000000000000
0000000000000000000000000000
0000000000000000000000000000
0000000000000000000000000000
0000000000000000000000000000
