0000000000000000000000000000
0000000000000000000000000000
0000000000000000000000000000
0000000000000000000000000000
0000000000000011111100000000
0000000000000111111100000000
0000000000001111111110000000
0000000000011111101111000000
0000000000011111100111000000
0000000000111101100111000000
0000000001111100000111000000
0000000011111000000111000000
0000000111111000000111000000
0000000111110000000111000000
0000001110000000000111000000
0000001110000000000111000000
0000001110000000000111000000
0000011110000000001111000000
0000011100000000001110000000
0000011100000000011100000000
0000011111000001111100000000
0000001111110111111000000000
0000000111111111110000000000
0000000011111111100000000000
0000000000000000000000000000
0000000000000000000000000000
0000000000000000000000000000
0000000000000000000000000000
