0000000000000000000000000000
0000000000000000000000000000
0000000000000000000000000000
0000000000000000000000000000
0000000000001101110000000000
0000000000011101111100000000
0000000000011100011100000000
0000000000111000001110000000
0000000000111000001111000000
0000000001111000000111000000
0000000001110000000111000000
0000000001110000000011100000
0000000011110000000011100000
0000000011100000000011100000
0000000011100000000011100000
0000000011100000000011100000
0000000111000000000111000000
0000000111000000001111000000
0000000111000000011110000000
0000000111000000111110000000
0000000111000011111000000000
0000000011101111110000000000
0000000011111111000000000000
0000000001111100000000000000
0000000000000000000000000000
0000000000000000000000000000
0000000000000000000000000000
0000000000000000000000000000
