0000000000000000000000000000
0000000000000000000000000000
0000000000000000000000000000
0000000000000000000000000000
0000000000000000000000000000
0000000000001111100000000000
0000100000011111111111000000
0000100000111111111111100000
0000000001111111111111110000
0000000011111111111111110000
0000000111111111000011110000
0000000111110000000011110000
0000000111100000000011110000
0000001111100000000011110000
0000001111000000000011110000
0000001111000000000011110000
0000001111000000000111110000
0000001111000000001111110000
0000001111100000011111100000
0000000111110000111111000000
0000000111111001111110000000
0000000011111111111100000000
0000000011111111111100000000
0000000001111111110000000000
0000000000011111000000000000
0000000000000000000000000000
0000000000000000000000000000
0000000000000000000000000000
