0000000000000000000000000000
0000000000000000000000000000
0000000000000000000000000000
0000000000000000000000000000
0000000000000000000000000000
0000000000000001111110000000
0000000000000111111111000000
0000000000011111111111100000
0000000000111111111111110000
0000000001111111111111110000
0000000011111011111001110000
0000000111110011100001110000
0000001111100011000001110000
0000011111000000000001110000
0000011110000000000001110000
0000111100000000000011110000
0000111000000000000011110000
0000111000000000000111100000
0000111000000000011111000000
0000111000000000011111000000
0000111100000001111110000000
0000111110001111111000000000
0000011111111111110000000000
0000000111111111100000000000
0000000001111000000000000000
0000000000000000000000000000
0000000000000000000000000000
0000000000000000000000000000
