0000000000000000000000000000
0000000000000000000000000000
0000000000000000000000000000
0000000000000000000000000000
0000000000000111110000000000
0000000000001111111000000000
0000000000111111111100000000
0000000000111110111110000000
0000000000111100011110000000
0000000001111100001111000000
0000000001111000000111000000
0000000001110000000111100000
0000000001110000000111100000
0000000011110000000111000000
0000000011100000000111100000
0000000111110000000111000000
0000000111100000000111000000
0000000111100000001111000000
0000000111100000011110000000
0000000111100000111110000000
0000000111100011111100000000
0000000011111111111100000000
0000000001111111110000000000
0000000001111111000000000000
0000000000000000000000000000
0000000000000000000000000000
0000000000000000000000000000
0000000000000000000000000000
