0000000000000000000000000000
0000000000000000000000000000
0000000000000000000000000000
0000000000000000000000000000
0000000000000000000000000000
0000000000000000011111100000
0000000000001110111111100000
0000000000001111111111100000
0000000000001111111111100000
0000000000001111111010000000
0000000000011111110000000000
0000000000111111111000000000
0000000001111111111000000000
0000000011111001111000000000
0000000011111001111000000000
0000000111100001111000000000
0000000111100001111000000000
0000000111100001111000000000
0000000111100011110000000000
0000000111100011110000000000
0000000111100111110000000000
0000000111111111100000000000
0000000111111111100000000000
0000000011111111000000000000
0000000011111110000000000000
0000000000000000000000000000
0000000000000000000000000000
0000000000000000000000000000
