0000000000000000000000000000
0000000000000000000000000000
0000000000000000000000000000
0000000000000000000000000000
0000000000000011111100000000
0000000000000011111110000000
0000000000001111111110000000
0000000000001111111110000000
0000000000011111111110000000
0000000000111110011111000000
0000000000111100001111000000
0000000000111100000111000000
0000000001111000000111000000
0000000011110000000111000000
0000000011110000000111000000
0000000011110000000111000000
0000000111100000001111000000
0000000111100000011111000000
0000000111100000011110000000
0000000111100000111100000000
0000000111100011111000000000
0000000111111111110000000000
0000000011111111100000000000
0000000011111110000000000000
0000000000000000000000000000
0000000000000000000000000000
0000000000000000000000000000
0000000000000000000000000000
