0000000000000000000000000000
0000000000000000000000000000
0000000000000000000000000000
0000000000000000000000000000
0000000000000011100000000000
0000000000000111111000000000
0000000000011111011100000000
0000000000011100011110000000
0000000000111100001110000000
0000000000111000001111000000
0000000001110000000111000000
0000000001110000000111000000
0000000011100000000111000000
0000000111100000000111000000
0000000111100000000111000000
0000000111000000000111000000
0000000111000000001111000000
0000000111100000001110000000
0000000111100000001110000000
0000000011100000011100000000
0000000011110000111100000000
0000000001111111111000000000
0000000000111111110000000000
0000000000011111000000000000
0000000000000000000000000000
0000000000000000000000000000
0000000000000000000000000000
0000000000000000000000000000
