0000000000000000000000000000
0000000000000000000000000000
0000000000000000000000000000
0000000000000000000000000000
0000011111111111111111111000
0000000111111111111111111000
0000000000000001111110000000
0000000000001111111111100000
0000000000011111111111100000
0000000000111111111111110000
0000000000111111111111110000
0000000001111111111111110000
0000000011111110111011111000
0000000111111100111011111000
0000001111110000000001110000
0000001111100000000011110000
0000011111000000000011110000
0000011111000000000111110000
0000011110000000001111100000
0000011111000000111111100000
0000001111111111111111000000
0000001111111111111110000000
0000001111111111110000000000
0000000111111110000000000000
0000000000000000000000000000
0000000000000000000000000000
0000000000000000000000000000
0000000000000000000000000000
