0000000000000000000000000000
0000000000000000000000000000
0000000000000000000000000000
0000000000000000000000000000
0000000000000011111110000000
0000000000000011111111000000
0000000000001111111111100000
0000000000011111111111100000
0000000000111111111111110000
0000000011111111100111110000
0000000111111111000111110000
0000001111111100001111110000
0000001111111000001111110000
0000011111111000011111110000
0000011111110000011111100000
0000111111100000111111100000
0000111110000011111111000000
0000111110001111111110000000
0000111111111111111100000000
0000111111111111111100000000
0000111111111111111000000000
0000011111111111110000000000
0000011111111110000000000000
0000011111110000000000000000
0000000000000000000000000000
0000000000000000000000000000
0000000000000000000000000000
0000000000000000000000000000
