0000000000000000000000000000
0000000000000000000000000000
0000000000000000000000000000
0000000000000000000000000000
0000000000000001111000000000
0000000000000111111000000000
0000000000011111111100000000
0000000000011111111110000000
0000000000111110111110000000
0000000001111100011110000000
0000000001110000000111000000
0000000011110000000111000000
0000000111100000000111000000
0000000111100000000111000000
0000001111000000000011000000
0000001111000000000111000000
0000001110000000001111000000
0000011110000000001111000000
0000011100000000011110000000
0000011110000000111110000000
0000011111000011111100000000
0000001111111111111000000000
0000001111111111110000000000
0000000011111111000000000000
0000000000000000000000000000
0000000000000000000000000000
0000000000000000000000000000
0000000000000000000000000000
