0000000000000000000000000000
0000000000000000000000000000
0000000000000000000000000000
0000000000000000000000000000
0000000000000000000000000000
0000000000000111111000000000
0000000000011111111110000000
0000000000111111111110000000
0000000000111111111110000000
0000000001111100001111000000
0000000011111000001111000000
0000000111111000001111000000
0000000111111000001111000000
0000000111111000001111100000
0000000111111000001111100000
0000000111110000001111100000
0000000111110000001111100000
0000000011110000011111000000
0000000011110000011111000000
0000000011110001111110000000
0000000011110001111110000000
0000000011111011111100000000
0000000011111111111000000000
0000000001111111111000000000
0000000000111111100000000000
0000000000000000000000000000
0000000000000000000000000000
0000000000000000000000000000
