0000000000000000000000000000
0000000000000000000000000000
0000000000000000000000000000
0000000000000000000000000000
0000000000000001111111000000
0000000000000011111111000000
0000000000001111111111000000
0000000000011111101111000000
0000000000011111001111000000
0000000000111110001111000000
0000000000111100001110000000
0000000001111000001110000000
0000000011111000001111000000
0000000111110000001110000000
0000000111100000001110000000
0000001111100000001110000000
0000001111100000011110000000
0000011110000000111110000000
0000011110000000111110000000
0000011110000001111000000000
0000011111001111111000000000
0000001111111111110000000000
0000001111111111100000000000
0000000111111100000000000000
0000000000000000000000000000
0000000000000000000000000000
0000000000000000000000000000
0000000000000000000000000000
