0000000000000000000000000000
0000000000000000000000000000
0000000000000000000000000000
0000000000000000000000000000
0000000000000000000000000000
0000000000001111111000000000
0000000000011111111000000000
0000000000111111111100000000
0000000001111110111110000000
0000000001111100111110000000
0000000011110000111110000000
0000000011100000111110000000
0000000111100000011110000000
0000000111000000001110000000
0000001111000000001110000000
0000001111000000001100000000
0000001111000000001110000000
0000001111000000001110000000
0000001111000000011110000000
0000000111000000011100000000
0000000111100000111100000000
0000000111100001111100000000
0000000011111111111000000000
0000000001111111110000000000
0000000001111111000000000000
0000000000000000000000000000
0000000000000000000000000000
0000000000000000000000000000
