0000000000000000000000000000
0000000000000000000000000000
0000000000000000000000000000
0000000000000000000000000000
0000000000000000000000000000
0000000000000000111000000000
0000000000000001111100000000
0000000000000111111110000000
0000000000001111111110000000
0000000000001111110110000000
0000000000011100110110000000
0000000000111100110110000000
0000000000111000001110000000
0000000000111000001110000000
0000000000110000001110000000
0000000001110000001100000000
0000000001110000011100000000
0000000001110000011100000000
0000000001110000111000000000
0000000001110001110000000000
0000000001110001110000000000
0000000001110011110000000000
0000000001111111100000000000
0000000000111111000000000000
0000000000111110000000000000
0000000000000000000000000000
0000000000000000000000000000
0000000000000000000000000000
