0000000000000000000000000000
0000000000000000000000000000
0000000000000000000000000000
0000000000000000000000000000
0000000000000000000000000000
0000000000000001111110000000
0000000000011111111110000000
0000000000111111111110000000
0000000000111111111111000000
0000000001111111001111000000
0000000001111100001111000000
0000000001111100001111000000
0000000011111000001111000000
0000000011111000001111000000
0000000011111000001111000000
0000000111111000011110000000
0000000111110000011110000000
0000000111110000111110000000
0000000111110000111110000000
0000000111110001111100000000
0000000011110011111100000000
0000000011111111111000000000
0000000011111111110000000000
0000000001111111100000000000
0000000001111111000000000000
0000000000000000000000000000
0000000000000000000000000000
0000000000000000000000000000
