0000000000000000000000000000
0000000000000000000000000000
0000000000000000000000000000
0000000000000000000000000000
0000000000000000000000000000
0000000000001111111111100000
0000000000111111111111110000
0000000001111111111011110000
0000000001111101100001111000
0000000011110000000000111000
0000000011100000000000011100
0000000111100000000000011100
0000000111000000000000011100
0000001111100000000000011100
0000001111111000000000011100
0000001111111000000000011100
0000001110000000000000111100
0000001110000000000001111000
0000001110000000000011110000
0000001110000000000111100000
0000001110000000001111000000
0000001111000000111110000000
0000001111110011111100000000
0000000111111111110000000000
0000000011111111000000000000
0000000000000000000000000000
0000000000000000000000000000
0000000000000000000000000000
