0000000000000000000000000000
0000000000000000000000000000
0000000000000000000000000000
0000000000000000000000000000
0000000000000000000000000000
0000000000000001111110000000
0000000000000111111111000000
0000000000011111111111100000
0000000000011111100011100000
0000000000111111100001100000
0000000000111111100000100000
0000000001111111000000110000
0000000001111110000000110000
0000000001111100000001100000
0000000001111100000001100000
0000000001111100000001100000
0000000001111000000011000000
0000000011100000000111000000
0000000011100000001110000000
0000000111000000111110000000
0000000111000101111100000000
0000001110111111111000000000
0000001111111111100000000000
0000001111111110000000000000
0000000111111000000000000000
0000000000000000000000000000
0000000000000000000000000000
0000000000000000000000000000
