0000000000000000000000000000
0000000000000000000000000000
0000000000000000000000000000
0000000000000000000000000000
0000000000000000011111000000
0000000000000001111111100000
0000000000001011111111100000
0000000000011111100001110000
0000000001111110000001110000
0000000001111100000001110000
0000000011110000000001110000
0000001111100000000001110000
0000001111000000000001110000
0000001110000000000001110000
0000011100000000000011100000
0000011100000000000011100000
0000011100000000001111000000
0000111000000000001111000000
0000111000000000111110000000
0000111000000011111100000000
0000111100111111111000000000
0000111111111111000000000000
0000011111111100000000000000
0000000000000000000000000000
0000000000000000000000000000
0000000000000000000000000000
0000000000000000000000000000
0000000000000000000000000000
