0000000000000000000000000000
0000000000000000000000000000
0000000000000000000000000000
0000000000000000000000000000
0000000000000011111100000000
0000000000001111111110000000
0000000000011111111110000000
0000000000111110001110000000
0000000001111100001110000000
0000000001111000000111000000
0000000011110000000111000000
0000000011110000000111000000
0000000011110000000111000000
0000000011100000000111000000
0000000011100000000111000000
0000000011100000000111000000
0000000011100000000111000000
0000000011100000000111000000
0000000011100000000111000000
0000000011110000001110000000
0000000011110000011110000000
0000000001111100111100000000
0000000001111111111100000000
0000000000011111100000000000
0000000000000000000000000000
0000000000000000000000000000
0000000000000000000000000000
0000000000000000000000000000
