0000000000000000000000000000
0000000000000000000000000000
0000000000000000000000000000
0000000000000000000000000000
0000000000000111111000000000
0000000000011111111100000000
0000000000111111111110000000
0000000001111111111111000000
0000000001111111101111000000
0000000001101111101111000000
0000000001111111101111000000
0000000000011111001111000000
0000000000111111001111000000
0000000001111100001111000000
0000000001111000011111000000
0000000001110000011110000000
0000000111110000111110000000
0000000111110000111110000000
0000000111100001111100000000
0000000111100001111000000000
0000000111100011111000000000
0000000111111111110000000000
0000000111111111110000000000
0000000001111111100000000000
0000000000000000000000000000
0000000000000000000000000000
0000000000000000000000000000
0000000000000000000000000000
