0000000000000000000000000000
0000000000000000000000000000
0000000000000000000000000000
0000000000000000000000000000
0000000000000000000000000000
0000000000000000000000000000
0000000000001111111111110000
0000000111111111111111110000
0000000111111111111111110000
0000001111111111111111110000
0000011111111111110111110000
0000011111111111001111110000
0000111110111100011111110000
0000111110000000011111110000
0000111100000000011011110000
0000111100000000000011110000
0000111110000000000011110000
0000111110000000000111100000
0000111110000000001111100000
0000111110000000011111100000
0000111110000000111111000000
0000011111100001111110000000
0000011111111111111110000000
0000000111111111110000000000
0000000011111111110000000000
0000000000111111100000000000
0000000000000000000000000000
0000000000000000000000000000
