0000000000000000000000000000
0000000000000000000000000000
0000000000000000000000000000
0000000000000000000000000000
0000000000000000000000000000
0000000000000000000000000000
0000000000000000000000000000
0000000000000000000000000000
0000000000000001111111100000
0000000000001111111111110000
0000000001111111111111111000
0000000011111100011111011000
0000000111100000010000011000
0000001111000000000000011000
0000011110000000000000011000
0000011110000000000000110000
0000011100000000000001110000
0000011100000000001111000000
0000011110000011111100000000
0000011111111111110000000000
0000001111111100000000000000
0000000000000000000000000000
0000000000000000000000000000
0000000000000000000000000000
0000000000000000000000000000
0000000000000000000000000000
0000000000000000000000000000
0000000000000000000000000000
