0000000000000000000000000000
0000000000000000000000000000
0000000000000000000000000000
0000000000000000000000000000
0000000000001111000000000000
0000000000011111100000000000
0000000000011111111000000000
0000000000111111111100000000
0000000001111111111110000000
0000000001111110111110000000
0000000001111110011111000000
0000000011111100011111000000
0000000011111000011111000000
0000000011110000011111100000
0000000111110000011111100000
0000000111110000011111100000
0000000111110000011111100000
0000000111110000111111000000
0000000111110000111111000000
0000000011110011111111000000
0000000011111111111110000000
0000000011111111111100000000
0000000001111111111000000000
0000000000111111100000000000
0000000000000000000000000000
0000000000000000000000000000
0000000000000000000000000000
0000000000000000000000000000
