0000000000000000000000000000
0000000000000000000000000000
0000000000000000000000000000
0000000000000000000000000000
0000000000000011110000000000
0000000000000111110000000000
0000000000001111111100000000
0000000000001111111110000000
0000000000011111111111000000
0000000000011111100111000000
0000000000111110000111100000
0000000001111000000111100000
0000000011111000000111100000
0000000011111000000111100000
0000000111110000000111000000
0000000111100000001111000000
0000000111000000001110000000
0000001110000000111110000000
0000001110000001111100000000
0000011110000011111000000000
0000011100001111110000000000
0000011100111111000000000000
0000011111111110000000000000
0000011111111000000000000000
0000000000000000000000000000
0000000000000000000000000000
0000000000000000000000000000
0000000000000000000000000000
