0000000000000000000000000000
0000000000000000000000000000
0000000000000000000000000000
0000000000000000000000000000
0000000000000110000000000000
0000000000011111111110000000
0000000001111111111111000000
0000000001111111111111100000
0000000011111100000111110000
0000000011110000000011110000
0000000111100000000001111000
0000000111100000000000111000
0000001111000000000000111000
0000001111000000000000111000
0000011111000000000001111000
0000011110000000000011111000
0000011110000000001111111000
0000011110000000111111100000
0000011110000011111111000000
0000011111011111111110000000
0000011111111111111000000000
0000011111111111000000000000
0000001111111100000000000000
0000000000000000000000000000
0000000000000000000000000000
0000000000000000000000000000
0000000000000000000000000000
0000000000000000000000000000
