0000000000000000000000000000
0000000000000000000000000000
0000000000000000000000000000
0000000000000000000000000000
0000000000000111111000000000
0000000000100111111100000000
0000000011111111111110000000
0000000111111111011110000000
0000000111111100001111000000
0000001111000000000111000000
0000001111000000000111000000
0000001110000000000111000000
0000011110000000000111100000
0000011110000000000111100000
0000011110000000000111100000
0000001110000000001111100000
0000001110000000011111000000
0000001110000000011111000000
0000000111000000011111000000
0000000111000000011110000000
0000000111100001111100000000
0000000011111111111100000000
0000000001111111111000000000
0000000000111111110000000000
0000000000000000000000000000
0000000000000000000000000000
0000000000000000000000000000
0000000000000000000000000000
