0000000000000000000000000000
0000000000000000000000000000
0000000000000000000000000000
0000000000000000000000000000
0000000000000000000000000000
0000000000011110000000000000
0000000000111111111110000000
0000000001111111111111000000
0000000011111111111111100000
0000000111110011111111110000
0000000111100011110001110000
0000000111000001110001110000
0000001111000000000001110000
0000001110000000000001110000
0000001110000000000001110000
0000011100000000000001110000
0000011100000000000011110000
0000011100000000000111110000
0000011100000000000111100000
0000001110000000001111100000
0000001110000000011111000000
0000001111000001111100000000
0000000111110111111100000000
0000000111111111111000000000
0000000001111111100000000000
0000000000000000000000000000
0000000000000000000000000000
0000000000000000000000000000
