0000000000000000000000000000
0000000000000000000000000000
0000000000000000000000000000
0000000000000111100000000000
0000000000001111110000000000
0000000000011111110000000000
0000000000011111111000000000
0000000000111111111100000000
0000000000111101111100000000
0000000001111001111110000000
0000000011111001111111000000
0000000011110000111111000000
0000000111110000101111100000
0000000111110000110111100000
0000000111100000110111110000
0000001111100000110111110000
0000001111000000110011110000
0000001111000000110111110000
0000001111000000111111100000
0000001111100111111111100000
0000001111111111111110000000
0000000111111111111100000000
0000000001111111110000000000
0000000000000000000000000000
0000000000000000000000000000
0000000000000000000000000000
0000000000000000000000000000
0000000000000000000000000000
