0000000000000000000000000000
0000000000000000000000000000
0000000000000000000000000000
0000000000000000000000000000
0000000000000111110000000000
0000000000001111111000000000
0000000000001111111000000000
0000000000001110111100000000
0000000000001100111100000000
0000000000011100111100000000
0000000000111100011100000000
0000000001111000011100000000
0000000001111000011100000000
0000000011110000111100000000
0000000011100000111100000000
0000000011100000111100000000
0000000111100000111000000000
0000000111100001111000000000
0000000011100001110000000000
0000000011110001110000000000
0000000011110011110000000000
0000000001111111100000000000
0000000001111111100000000000
0000000000111111000000000000
0000000000000000000000000000
0000000000000000000000000000
0000000000000000000000000000
0000000000000000000000000000
