0000000000000000000000000000
0000000000000000000000000000
0000000000000000000000000000
0000000000000000000000000000
0000000000000000000000000000
0000000000000000111111000000
0000000000000011111111100000
0000000000000111111111110000
0000000000011111111111110000
0000000000111111110001111000
0000000001111111000001111000
0000000011111110000001111000
0000000011111100000001111000
0000000111111000000001111000
0000000111110000000011110000
0000001111100000000111110000
0000001111100000001111100000
0000001111000000111111000000
0000011111000001111110000000
0000011110000111111100000000
0000011110001111110000000000
0000011100111111100000000000
0000011111111110000000000000
0000011111111100000000000000
0000011111110000000000000000
0000000000000000000000000000
0000000000000000000000000000
0000000000000000000000000000
