0000000000000000000000000000
0000000000000000000000000000
0000000000000000000000000000
0000000000000000000000000000
0000000000000000000000000000
0000000000001111110000000000
0000000000011111111100000000
0000000001111111111110000000
0000000001111111111111000000
0000000011111001111111100000
0000000111110011111111100000
0000001111100111101111110000
0000001111000111001111110000
0000011111001110001111110000
0000011110001100001111110000
0000011110001100000111110000
0000011100000100000011110000
0000011100000000000011110000
0000011110000000000011100000
0000011110000000001111100000
0000011111100000011111000000
0000001111111000111111000000
0000000111111111111110000000
0000000111111111111100000000
0000000000111111110000000000
0000000000000000000000000000
0000000000000000000000000000
0000000000000000000000000000
