0000000000000000000000000000
0000000000000000000000000000
0000000000000000000000000000
0000000000000000000000000000
0000000000000111100000000000
0000000000000111110000000000
0000000000001111111000000000
0000000000011111111100000000
0000000001111110111110000000
0000000001111100011110000000
0000000011111000001111000000
0000000111100000000111000000
0000000111100000000111000000
0000001111000000000111000000
0000001110000000000111000000
0000001110000000000111000000
0000001110000000001111000000
0000001110000000001110000000
0000001111110000001110000000
0000001111111000011110000000
0000000111111000111100000000
0000000011111001111100000000
0000000000011111111000000000
0000000000011111110000000000
0000000000000000000000000000
0000000000000000000000000000
0000000000000000000000000000
0000000000000000000000000000
