0000000000000000000000000000
0000000000000000000000000000
0000000000000000000000000000
0000000000000000000000000000
0000000000000001111100000000
0000000000000111111100000000
0000000000000111111110000000
0000000000001111111110000000
0000000000011111111111000000
0000000000011111101111000000
0000000000111111101111000000
0000000000111110001111000000
0000000000111110011110000000
0000000001111100011110000000
0000000001111100111110000000
0000000001111100111110000000
0000000011111001111110000000
0000000011111001111100000000
0000000011110111111100000000
0000000011111111111000000000
0000000011111111111000000000
0000000011111111100000000000
0000000001111111100000000000
0000000001111110000000000000
0000000000000000000000000000
0000000000000000000000000000
0000000000000000000000000000
0000000000000000000000000000
