0000000000000000000000000000
0000000000000000000000000000
0000000000000000000000000000
0000000000000000000000000000
0000000000000000000000000000
0000000000000011111100000000
0000000000001111111110000000
0000000000001111111111000000
0000000000011111111111000000
0000000000011111001111000000
0000000000111110000111000000
0000000001111000000111000000
0000000011111000000111000000
0000000011110000001111000000
0000000011100000001111000000
0000000011100000001111000000
0000000111100000001111000000
0000000111100000011110000000
0000000011000000111110000000
0000000011000001111110000000
0000000011000011111100000000
0000000011111111111000000000
0000000011111111110000000000
0000000011111111000000000000
0000000001111100000000000000
0000000000000000000000000000
0000000000000000000000000000
0000000000000000000000000000
