0000000000000000000000000000
0000000000000000000000000000
0000000000000000000000000000
0000000000000000000000000000
0000000000000000000000000000
0000000000000000000001010000
0000000000000000011111111000
0000000000000000111111111100
0000000000000011111111111100
0000000000001111111111111100
0000000000011111110011111100
0000000011111111100011110000
0000000111111111000111110000
0000001111111100001111100000
0000001111111100011111000000
0000001111111000111110000000
0000001111110011111100000000
0000001111100111110000000000
0000001111001111100000000000
0000001111011111000000000000
0000001111111110000000000000
0000001111111100000000000000
0000001111111000000000000000
0000001111100000000000000000
0000000000000000000000000000
0000000000000000000000000000
0000000000000000000000000000
0000000000000000000000000000
