0000000000000000000000000000
0000000000000000000000000000
0000000000000000000000000000
0000000000000000000000000000
0000000000000110011110000000
0000000000001111111111000000
0000000000011111111111100000
0000000000111110111111100000
0000000000111100010111100000
0000000001111000000011100000
0000000001111000000011100000
0000000011110000000011100000
0000000011110000000011100000
0000000111100000000011100000
0000000111100000000111100000
0000000111100000000111100000
0000000111100000000111100000
0000000111000000001111000000
0000000111100000001111000000
0000000111100000011110000000
0000000111110001111100000000
0000000111111111111000000000
0000000011111111110000000000
0000000001111111100000000000
0000000000000000000000000000
0000000000000000000000000000
0000000000000000000000000000
0000000000000000000000000000
