0000000000000000000000000000
0000000000000000000000000000
0000000000000000000000000000
0000000000000000000000000000
0000000000000001110000000000
0000000000001111111000000000
0000000000011111111000000000
0000000000111100011110000000
0000000001111000000111000000
0000000001110000000111000000
0000000011100000000011000000
0000000111100000000001100000
0000000111000000000001100000
0000000111000000000001100000
0000001110000000000001100000
0000001110000000000011100000
0000001110000000000011000000
0000001110000000000111000000
0000001110000000001111000000
0000001110000000011110000000
0000000110000001111100000000
0000000111011111111000000000
0000000111111111100000000000
0000000011111110000000000000
0000000000000000000000000000
0000000000000000000000000000
0000000000000000000000000000
0000000000000000000000000000
