0000000000000000000000000000
0000000000000000000000000000
0000000000000000000000000000
0000000000000000000000000000
0000000000000000000111110000
0000000000000000011111110000
0000000000000001111111100000
0000000000000111111111000000
0000000000001111111111000000
0000000000011111111111100000
0000000000111111111111100000
0000000001111111100111100000
0000000011111110000111100000
0000000111111100001111000000
0000001111111000011111000000
0000011111110000011111000000
0000011111100000011110000000
0000111111100000111110000000
0000111111100001111100000000
0000111110001111111100000000
0000111111111111110000000000
0000111111111111100000000000
0000011111111111100000000000
0000001111111100000000000000
0000000000000000000000000000
0000000000000000000000000000
0000000000000000000000000000
0000000000000000000000000000
