0000000000000000000000000000
0000000000000000000000000000
0000000000000000000000000000
0000000000000000000000000000
0000000000000001111111000000
0000000000011111111111000000
0000000000011111111111100000
0000000000111111100111100000
0000000000111111000011100000
0000000011111100000011100000
0000000011111000000011100000
0000000111110000000011110000
0000001111100000000011110000
0000011111000000000011110000
0000011110000000000111100000
0000011100000000000111100000
0000111100000000001111100000
0000111100000000011111000000
0000111000000000111110000000
0000111100111111111110000000
0000111111111111111100000000
0000011111111111110000000000
0000011111111111110000000000
0000000111111110000000000000
0000000000000000000000000000
0000000000000000000000000000
0000000000000000000000000000
0000000000000000000000000000
