0000000000000000000000000000
0000000000000000000000000000
0000000000000000000000000000
0000000000000000000001110000
0000000000000000001111110000
0000000000000000111111110000
0000000000000001111110000000
0000000000000011111110000000
0000000000001111111111000000
0000000000111111001111100000
0000000000111110000111100000
0000000001111100000011100000
0000000011111000000011100000
0000000111110000000011100000
0000001111100000000111100000
0000001111000000000111100000
0000011110000000001111100000
0000111100000001111111000000
0000111100001111111110000000
0000111111111111111100000000
0000111111111111110000000000
0000111111111110000000000000
0000011111110000000000000000
0000000000000000000000000000
0000000000000000000000000000
0000000000000000000000000000
0000000000000000000000000000
0000000000000000000000000000
