0000000000000000000000000000
0000000000000000000000000000
0000000000000000000000000000
0000000000000000000000000000
0000000000011111000000000000
0000000000111111100000000000
0000000000111111110000000000
0000000001111111111000000000
0000000001111001111100000000
0000000001110000111110000000
0000000001110000011110000000
0000000011110000001110000000
0000000011110000001111000000
0000000011100000001111000000
0000000011100000001111000000
0000000011100000001111000000
0000000011100000001111000000
0000000011100000001110000000
0000000011110000011110000000
0000000001110000011110000000
0000000001111000111110000000
0000000001111111111100000000
0000000000111111111000000000
0000000000001111110000000000
0000000000000000000000000000
0000000000000000000000000000
0000000000000000000000000000
0000000000000000000000000000
