0000000000000000000000000000
0000000000000000000000000000
0000000000000000000000000000
0000000000000000000000000000
0000000000001111100000000000
0000000000001111110000000000
0000000000011111110000000000
0000000000011100111000000000
0000000000011100011100000000
0000000000011100011100000000
0000000000011100011100000000
0000000000011100011100000000
0000000000011100011100000000
0000000000011000011100000000
0000000000111000011100000000
0000000000111000111100000000
0000000000111000111100000000
0000000000111001111000000000
0000000000111001111000000000
0000000000111011110000000000
0000000000111111110000000000
0000000000111111100000000000
0000000000111111000000000000
0000000000011110000000000000
0000000000000000000000000000
0000000000000000000000000000
0000000000000000000000000000
0000000000000000000000000000
