0000000000000000000000000000
0000000000000000000000000000
0000000000000000000000000000
0000000000000000000000000000
0000000000000000000000000000
0000000000000000000000000000
0000000000000011111111100000
0000000000001111111111111000
0000000000011111111111111000
0000000000111111110011111000
0000000001111111110001111000
0000000011111100000001111000
0000000111111100000001111000
0000001111111100000011111000
0000001111111100000111110000
0000011111111110000111110000
0000011111001111001111100000
0000011111000011111111000000
0000011111000001111110000000
0000011111000011111100000000
0000011111001111110000000000
0000011111111111100000000000
0000001111111110000000000000
0000000111110000000000000000
0000000000000000000000000000
0000000000000000000000000000
0000000000000000000000000000
0000000000000000000000000000
