0000000000000000000000000000
0000000000000000000000000000
0000000000000000000000000000
0000000000000000000000000000
0000000000000000000000000000
0000000000011111111110000000
0000000001111111111111000000
0000000011111111111111100000
0000000111111110001111110000
0000000111111100000111111000
0000000111111100000001111000
0000000111111100000001111100
0000000111110000000000111100
0000000111110000000000011100
0000000111110000000000011100
0000001111111000000000011100
0000001111111100000000111100
0000001111111100000001111000
0000001110000000000011111000
0000001110000000000111111000
0000001111000000111111110000
0000001111111111111111000000
0000001111111111111110000000
0000000111111111111100000000
0000000000111111100000000000
0000000000000000000000000000
0000000000000000000000000000
0000000000000000000000000000
