0000000000000000000000000000
0000000000000000000000000000
0000000000000000000000000000
0000000000000000000000000000
0000000000111100000000000000
0000000001111110000000000000
0000000011111111111000000000
0000000011111111111110000000
0000000111110011111111000000
0000000111000000001111100000
0000001111000000000011100000
0000001111000000000011100000
0000001110000000000001110000
0000001110000000000001110000
0000001110000000000001110000
0000001110000000000001110000
0000001111000000000001110000
0000000111000000000001100000
0000000111000000000011100000
0000000111100000000011100000
0000000011110000001111000000
0000000011111100011111000000
0000000001111111111110000000
0000000000011111111000000000
0000000000000000000000000000
0000000000000000000000000000
0000000000000000000000000000
0000000000000000000000000000
