0000000000000000000000000000
0000000000000000000000000000
0000000000000000000000000000
0000000000000000000000000000
0000000000000000111101000000
0000000000000011111111000000
0000000000000111111111000000
0000000000001111111111100000
0000000000011111111111100000
0000000000011111000011100000
0000000000111110000011100000
0000000001111100000011000000
0000000001111000000111000000
0000000011110000000111000000
0000000111110000000111000000
0000000111000000001110000000
0000001110000000001110000000
0000001110000000111100000000
0000001100000001111100000000
0000011100011111111000000000
0000011111111111110000000000
0000001111111111100000000000
0000001111111111000000000000
0000001111111100000000000000
0000000000000000000000000000
0000000000000000000000000000
0000000000000000000000000000
0000000000000000000000000000
