0000000000000000000000000000
0000000000000000000000000000
0000000000000000000000000000
0000000000000000000000000000
0000000000111100000000000000
0000000000111111000000000000
0000000000111111100000000000
0000000001110111110000000000
0000000001110011110000000000
0000000001110001111000000000
0000000011110000111100000000
0000000011110000011110000000
0000000011110000001110000000
0000000011110000001110000000
0000000011110000001111000000
0000000011110000001111000000
0000000011110000001110000000
0000000011110000001110000000
0000000001110000011110000000
0000000001111000011110000000
0000000001111101111100000000
0000000000111111111000000000
0000000000011111110000000000
0000000000001111100000000000
0000000000000000000000000000
0000000000000000000000000000
0000000000000000000000000000
0000000000000000000000000000
