0000000000000000000000000000
0000000000000000000000000000
0000000000000000000000000000
0000000000000011110000000000
0000000000001111111000000000
0000000000011111111000000000
0000000000011100011100000000
0000000000011100011100000000
0000000000111100001100000000
0000000000111000001100000000
0000000000110000001100000000
0000000001110000001100000000
0000000001110000001100000000
0000000001110000001100000000
0000000001110000001110000000
0000000001110000001110000000
0000000001110000001110000000
0000000001111000001110000000
0000000000111100011100000000
0000000000111100111100000000
0000000000111111111000000000
0000000000011111111000000000
0000000000011111111000000000
0000000000000000000000000000
0000000000000000000000000000
0000000000000000000000000000
0000000000000000000000000000
0000000000000000000000000000
