0000000000000000000000000000
0000000000000000000000000000
0000000000000000000000000000
0000000000000000000000000000
0000000000000011100000000000
0000000000000011110000000000
0000000000000111111000000000
0000000000001111111100000000
0000000000011110011100000000
0000000000011100001110000000
0000000000111000001111000000
0000000001111000000111000000
0000000001110000000011000000
0000000011100000000011000000
0000000011000000000011000000
0000000011000000000011000000
0000000111000000000011000000
0000000110000000000011011000
0000011110000000000111011000
0000001100000000011110011000
0000001111000000011110000000
0000001111111111111000000000
0000000111111111110000000000
0000000011111111000000000000
0000000000000000000000000000
0000000000000000000000000000
0000000000000000000000000000
0000000000000000000000000000
