0000000000000000000000000000
0000000000000000000000000000
0000000000000000000000000000
0000000000000000000000000000
0000000000000111111100000000
0000000000001111111100000000
0000000000011110001110000000
0000000000111100000110000000
0000000001111000000110000000
0000000001110000000110000000
0000000001110000000111000000
0000000011100000000011100000
0000000111100000000011100000
0000000111100000000011100000
0000000111000000000011100000
0000000111000000000001100000
0000000111100000000001100000
0000000111100000000011000000
0000000111100000000111000000
0000000111100000000111000000
0000000011110000001110000000
0000000011111111111100000000
0000000000111111111100000000
0000000000011111110000000000
0000000000000000000000000000
0000000000000000000000000000
0000000000000000000000000000
0000000000000000000000000000
