0000000000000000000000000000
0000000000000000000000000000
0000000000000000000000000000
0000000000000000000000000000
0000000000000011111000000000
0000000000000111111110000000
0000000000011111111111000000
0000000000111110011111100000
0000000000111100011111100000
0000000001111000001111100000
0000000011110000000111100000
0000000111100000000111000000
0000000111100000000111000000
0000001111000000000111000000
0000001110000000000111000000
0000011110000000001111000000
0000011110000000001111000000
0000011100000000011110000000
0000011100000000011110000000
0000011100000001111110000000
0000011100000111111100000000
0000011111111111110000000000
0000001111111111100000000000
0000000111111110000000000000
0000000000000000000000000000
0000000000000000000000000000
0000000000000000000000000000
0000000000000000000000000000
