0000000000000000000000000000
0000000000000000000000000000
0000000000000000000000000000
0000000000000000000000000000
0000000000111111000000000000
0000000001111111100000000000
0000000001111111110000000000
0000000011111111111100000000
0000000011111011111100000000
0000000011111000111110000000
0000000001111000011110000000
0000000001111000011111000000
0000000011110000001111000000
0000000011110000001111000000
0000000011100000001111000000
0000000011100000001111000000
0000000011100000001111000000
0000000011100000001111000000
0000000111100000011111000000
0000000111110000111110000000
0000000011111011111110000000
0000000011111111111100000000
0000000001111111111000000000
0000000000111111100000000000
0000000000000000000000000000
0000000000000000000000000000
0000000000000000000000000000
0000000000000000000000000000
