0000000000000000000000000000
0000000000000000000000000000
0000000000000000000000000000
0000000000000000000000000000
0000000000000000000000000000
0000000000000111000000000000
0000000000001111110000000000
0000000000011111111000000000
0000000000011111111100000000
0000000000111110111110000000
0000000000111100111110000000
0000000000111100111110000000
0000000000111100101110000000
0000000000111100001110000000
0000000000111000001110000000
0000000000111000001110000000
0000000000111000011110000000
0000000001111000011110000000
0000000001110000111100000000
0000000001110000111100000000
0000000001110001111000000000
0000000001110111110000000000
0000000001111111100000000000
0000000001111111000000000000
0000000000111110000000000000
0000000000000000000000000000
0000000000000000000000000000
0000000000000000000000000000
