0000000000000000000000000000
0000000000000000000000000000
0000000000000000000000000000
0000000000000000000000000000
0000000000011111110000000000
0000000000111111110000000000
0000000001111111110000000000
0000000001111011111000000000
0000000011110000111100000000
0000000111100000011100000000
0000000111000000011100000000
0000001111000000011110000000
0000001110000000001110000000
0000001110000000001110000000
0000001110000000001110000000
0000001100000000001110000000
0000001100000000001110000000
0000001110000000000111000000
0000001111000000000111000000
0000000111100000000110000000
0000000011110000000111000000
0000000001111100001111000000
0000000000111111111110000000
0000000000011111111100000000
0000000000000000000000000000
0000000000000000000000000000
0000000000000000000000000000
0000000000000000000000000000
