0000000000000000000000000000
0000000000000000000000000000
0000000000000000000000000000
0000000000000000000000000000
0000000000000000000000000000
0000000000000000000000000000
0000000000000000000000000000
0000000000000000111110000000
0000000000111111111111000000
0000000001111111111111100000
0000001101111111111111100000
0000001111111111111111100000
0000111111111111111101110000
0000111111000001111101110000
0000111110000000000011110000
0000111100000000000011110000
0000111100000000001111110000
0000111110000000111111100000
0000111111100001111111100000
0000011111111001111110000000
0000001111111101111000000000
0000000111111101110000000000
0000000000011000000000000000
0000000000000000000000000000
0000000000000000000000000000
0000000000000000000000000000
0000000000000000000000000000
0000000000000000000000000000
