0000000000000000000000000000
0000000000000000000000000000
0000000000000000000000000000
0000000000000000000000000000
0000000000011111000000000000
0000000000011111110000000000
0000000000111111111000000000
0000000000111000011100000000
0000000000111000011100000000
0000000000111000001110000000
0000000001110000001110000000
0000000001110000001110000000
0000000001110000001110000000
0000000001110000000110000000
0000000001110000000110000000
0000000001110000000110000000
0000000001110000001110000000
0000000001110000001110000000
0000000001110000001110000000
0000000001110000011100000000
0000000001111000111000000000
0000000001111111111000000000
0000000000111111110000000000
0000000000011111100000000000
0000000000000000000000000000
0000000000000000000000000000
0000000000000000000000000000
0000000000000000000000000000
