0000000000000000000000000000
0000000000000000000000000000
0000000000000000000000000000
0000000000000000000000000000
0000000000001111110000000000
0000000000011111110000000000
0000000000111111111000000000
0000000001111011111110000000
0000000011110001111110000000
0000000011100000000111000000
0000000011100000000011100000
0000000111100000000011100000
0000000111000000000011100000
0000000111000000000011110000
0000000111000000000001110000
0000000111000000000001110000
0000001111000000000001110000
0000001110000000000001110000
0000001110000000000011110000
0000001110000000000011110000
0000001110000000001111100000
0000001111111011111111000000
0000000111111111111100000000
0000000011111111111000000000
0000000000000000000000000000
0000000000000000000000000000
0000000000000000000000000000
0000000000000000000000000000
