0000000000000000000000000000
0000000000000000000000000000
0000000000000000000000000000
0000000000000000000000000000
0000000000000000000000000000
0000000000000000011111100000
0000000000000000111111110000
0000000000000011111111110000
0000000000000111111111110000
0000000000001111111111110000
0000000000111111111111110000
0000000001111111111111100000
0000000011111111001111100000
0000001111111100011111100000
0000001111110000011111000000
0000011111100000111110000000
0000011111000001111110000000
0000011110000011111100000000
0000111110000111111000000000
0000111100111111111000000000
0000111111111111110000000000
0000111111111111000000000000
0000111111111110000000000000
0000111111111000000000000000
0000011111100000000000000000
0000000000000000000000000000
0000000000000000000000000000
0000000000000000000000000000
