0000000000000000000000000000
0000000000000000000000000000
0000000000000000000000000000
0000000000000000000000000000
0000000000000011111000000000
0000000000000111111100000000
0000000000001111111100000000
0000000000001111001110000000
0000000000011100000110000000
0000000000011100000110000000
0000000000111000000110000000
0000000000111000001110000000
0000000000110000001110000000
0000000001110000001100000000
0000000001110000011100000000
0000000001110000011100000000
0000000011100000011000000000
0000000011100000111000000000
0000000011100001111000000000
0000000011100001110000000000
0000000011100111110000000000
0000000011110111100000000000
0000000001111111000000000000
0000000000111110000000000000
0000000000000000000000000000
0000000000000000000000000000
0000000000000000000000000000
0000000000000000000000000000
