0000000000000000000000000000
0000000000000000000000000000
0000000000000000000000000000
0000000000000000000000000000
0000000000000000000000000000
0000000000000000001111100000
0000000000000000111111110000
0000000000000001111111110000
0000000000000111111000110000
0000000000001111110000110000
0000000000011111100001110000
0000000000111111000001110000
0000000000111110000011100000
0000000001111100000011100000
0000000001111000000111000000
0000000001111000000110000000
0000000011110000011110000000
0000000111100000111100000000
0000001111000001111000000000
0000011110000111100000000000
0000111100011111000000000000
0000111101111100000000000000
0000111111111000000000000000
0000111111100000000000000000
0000111100000000000000000000
0000000000000000000000000000
0000000000000000000000000000
0000000000000000000000000000
