0000000000000000000000000000
0000000000000000000000000000
0000000000000000000000000000
0000000000000000000000000000
0000000000001110000000000000
0000000000001111000000000000
0000000000011111110000000000
0000000000011111111000000000
0000000000111111111110000000
0000000000111111111110000000
0000000001111100011111000000
0000000001111000001111000000
0000000001111000001111000000
0000000001111000000111000000
0000000001111000000111000000
0000000011110000000111000000
0000000011110000000111000000
0000000011110000001111000000
0000000011110000011111000000
0000000011110000111110000000
0000000011111011111110000000
0000000011111111111000000000
0000000001111111110000000000
0000000000111111000000000000
0000000000000000000000000000
0000000000000000000000000000
0000000000000000000000000000
0000000000000000000000000000
