0000000000000000000000000000
0000000000000000000000000000
0000000000000000000000000000
0000000000000000000000000000
0000000001111111100000000000
0000000011111111110000000000
0000000011100111110000000000
0000000111000001111000000000
0000000111000000011100000000
0000000111000000001110000000
0000000111000000001110000000
0000000110000000000111000000
0000000110000000000111000000
0000000110000000000011100000
0000000110000000000011100000
0000000110000000000011100000
0000000111000000000011100000
0000000111000000000011100000
0000000111000000000011100000
0000000011100000000111000000
0000000011110000000111000000
0000000001111000011110000000
0000000000111111111110000000
0000000000011111111000000000
0000000000000000000000000000
0000000000000000000000000000
0000000000000000000000000000
0000000000000000000000000000
