0000000000000000000000000000
0000000000000000000000000000
0000000000000000000000000000
0000000000000000000000000000
0000000000001100000000000000
0000000000011110000000000000
0000000000111111111100000000
0000000001111111111111000000
0000000001111111111111100000
0000000111111111111111110000
0000000111111110000011111000
0000001111100110000001111000
0000011111000110000000111000
0000011111000111000000011000
0000011110000000000000111000
0000011100000000000001111000
0000011100000000000011111000
0000011100000000001111111000
0000011100000000111111110000
0000011111111111111111100000
0000011111111111111110000000
0000011111111111111100000000
0000001111111111100000000000
0000000001111000000000000000
0000000000000000000000000000
0000000000000000000000000000
0000000000000000000000000000
0000000000000000000000000000
