0000000000000000000000000000
0000000000000000000000000000
0000000000000000000000000000
0000000000000000000000000000
0000000000000000000000000000
0000000000111111000000000000
0000000000111111111100000000
0000000011110111111110000000
0000000011100000011111000000
0000000111000000000111000000
0000000110000000000011100000
0000001110000000000001100000
0000001110000000000001110000
0000001110000000000001100000
0000001110000000000001100000
0000001100000000000001100000
0000001110000000000001100000
0000001110000000000011100000
0000001110000000000011100000
0000000110000000000111100000
0000000111000000000111000000
0000000111100000001110000000
0000000011111000111100000000
0000000000111111111000000000
0000000000001111110000000000
0000000000000000000000000000
0000000000000000000000000000
0000000000000000000000000000
