0000000000000000000000000000
0000000000000000000000000000
0000000000000000000000000000
0000000000000000000000000000
0000000000000111111000000000
0000000000000111111110000000
0000000000000111111111000000
0000000000001111001111000000
0000000000011111000111100000
0000000000111111000011100000
0000000001111111000011100000
0000000001111010000001100000
0000000011110000000001100000
0000000011110000000001100000
0000000111100000000001100000
0000000111100000000011100000
0000000111100000000011100000
0000000111100000000111000000
0000000111100000001111000000
0000000111100000011111000000
0000000011100001111100000000
0000000011111111111000000000
0000000011111111110000000000
0000000001111111000000000000
0000000000000000000000000000
0000000000000000000000000000
0000000000000000000000000000
0000000000000000000000000000
