0000000000000000000000000000
0000000000000000000000000000
0000000000000000000000000000
0000000000000000000000000000
0000000000001111000000000000
0000000000011111000000000000
0000000000011111000000000000
0000000000111110000000000000
0000000000111111111000000000
0000000001111111111100000000
0000000001110011111110000000
0000000011110000001111000000
0000000011100000000111000000
0000000011100000000011100000
0000000111000000000011100000
0000000111000000000011100000
0000000111000000000011100000
0000000111000000000111100000
0000000111000000001111000000
0000000111000000011111000000
0000000111000000111110000000
0000000111111111111000000000
0000000011111111110000000000
0000000001111111000000000000
0000000000000000000000000000
0000000000000000000000000000
0000000000000000000000000000
0000000000000000000000000000
