0000000000000000000000000000
0000000000000000000000000000
0000000000000000000000000000
0000000000000000000000000000
0000000000001111100000000000
0000000000111111100000000000
0000000000111111110000000000
0000000001111101111100000000
0000000011111001111110000000
0000000111100000111110000000
0000000111000000111111000000
0000001110000000010111000000
0000001110000000000111000000
0000001110000000000111100000
0000001100000000000111100000
0000011100000000000111000000
0000011110000000000111000000
0000011110000000001111000000
0000001110000000001111000000
0000001111000000011110000000
0000000111100001111100000000
0000000011111111111100000000
0000000011111111111000000000
0000000000111111100000000000
0000000000000000000000000000
0000000000000000000000000000
0000000000000000000000000000
0000000000000000000000000000
