0000000000000000000000000000
0000000000000000000000000000
0000000000000000000000000000
0000000000000000000000000000
0000000000000001111000000000
0000000000000011110000000000
0000000000000111111100000000
0000000000001111111111000000
0000000000011111111111000000
0000000000011111110111100000
0000000000111111000011100000
0000000000111010000011100000
0000000001111000000001100000
0000000001110000000011100000
0000000011110000000011100000
0000000011110000000111000000
0000000011100000001111000000
0000000111100000001110000000
0000000111000000011100000000
0000000111000000111000000000
0000000111000011111000000000
0000000111111111110000000000
0000000011111111100000000000
0000000001111110000000000000
0000000000000000000000000000
0000000000000000000000000000
0000000000000000000000000000
0000000000000000000000000000
