0000000000000000000000000000
0000000000000000000000000000
0000000000000000000000000000
0000000000000000000000000000
0000000000111111111000000000
0000000011111111111110000000
0000000011111000111111000000
0000000111100000001111100000
0000000111100000000111100000
0000001111100000000001110000
0000001111000000000001110000
0000001110000000000000111000
0000001110000000000000111000
0000001110000000000000011000
0000001110000000000000011100
0000001110000000000000011100
0000001110000000000000011100
0000001111000000000000111100
0000000111000000000000111000
0000000111100000000011111000
0000000111110000001111110000
0000000011111111111111100000
0000000001111111111111000000
0000000000011111111000000000
0000000000000000000000000000
0000000000000000000000000000
0000000000000000000000000000
0000000000000000000000000000
