0000000000000000000000000000
0000000000000000000000000000
0000000000000000000000000000
0000000000000000000000000000
0000000000000111110000000000
0000000000001111111000000000
0000000000011111111000000000
0000000000111111111000000000
0000000000111111111000000000
0000000000111111111000000000
0000000000111111111100000000
0000000001111110111100000000
0000000001111100111100000000
0000000011111100111100000000
0000000011111100111100000000
0000000011111100111100000000
0000000011111001111100000000
0000000011111011111100000000
0000000011111111111100000000
0000000011111111111000000000
0000000011111111111000000000
0000000011111111110000000000
0000000011111111100000000000
0000000001111111100000000000
0000000000000000000000000000
0000000000000000000000000000
0000000000000000000000000000
0000000000000000000000000000
