0000000000000000000000000000
0000000000000000000000000000
0000000000000000000000000000
0000000000000000000000000000
0000000000000000000000000000
0000000000001111111100000000
0000000001111111111110000000
0000000011111111111111100000
0000000111111111111111100000
0000001111111111111111100000
0000001111111111111111100000
0000001111111110000111110000
0000001111111000000111110000
0000001111100000000111110000
0000001111110000000111100000
0000001111110000000111100000
0000001111100000001111100000
0000001111100000001111100000
0000001111100000011111100000
0000000111100000011111000000
0000000111100000111111000000
0000000011111111111110000000
0000000011111111111110000000
0000000001111111111100000000
0000000000111111110000000000
0000000000000000000000000000
0000000000000000000000000000
0000000000000000000000000000
