0000000000000000000000000000
0000000000000000000000000000
0000000000000000000000000000
0000000000000000000000000000
0000000000000000111100000000
0000000000000001111100000000
0000000000000001111100000000
0000000000000011111110000000
0000000000001111111111000000
0000000000011111111111000000
0000000000011111111110000000
0000000000111111111110000000
0000000001111111111100000000
0000000011111001111100000000
0000000011110001111000000000
0000000011100000111000000000
0000001111100001111000000000
0000001111000011111000000000
0000001111000011111000000000
0000001111000111110000000000
0000001111111111000000000000
0000001111111111000000000000
0000000111111110000000000000
0000000011111100000000000000
0000000000000000000000000000
0000000000000000000000000000
0000000000000000000000000000
0000000000000000000000000000
