0000000000000000000000000000
0000000000000000000000000000
0000000000000000000000000000
0000000000000000001111000000
0000000000000000111111000000
0000000000000000111110000000
0000000000000001111010000000
0000000000000011110010000000
0000000000000111110010000000
0000000000001111000110000000
0000000000001111000110000000
0000000000111100001110000000
0000000000111100001110000000
0000000001111000001110000000
0000000011110000001110000000
0000000011110000011100000000
0000000111100000111100000000
0000001111000011110000000000
0000001110000011111100000000
0000001110001111011100000000
0000001110111110011100000000
0000001111111100001100000000
0000001111111100001100000000
0000000000000000000000000000
0000000000000000000000000000
0000000000000000000000000000
0000000000000000000000000000
0000000000000000000000000000
