0000000000000000000000000000
0000000000000000000000000000
0000000000000000000000000000
0000000000000000000000000000
0000000000111100000000000000
0000000001111100000000000000
0000000001111000000000000000
0000000001111111110000000000
0000000011110111111110000000
0000000011110111111110000000
0000000011100110011111000000
0000000011100000111111000000
0000000011100001111111000000
0000000111100011111011000000
0000000111000111110111000000
0000000111000111110111000000
0000000111101111100111000000
0000000111101111000111000000
0000000011101111001111000000
0000000011111110011110000000
0000000011111100111110000000
0000000001111111111100000000
0000000001111111111100000000
0000000000011111110000000000
0000000000000000000000000000
0000000000000000000000000000
0000000000000000000000000000
0000000000000000000000000000
