0000000000000000000000000000
0000000000000000000000000000
0000000000000000000000000000
0000000000000000000000000000
0000000000000000000000000000
0000000000000001111111000000
0000000000000011111111100000
0000000000000111111111100000
0000000000001111111111100000
0000000000011111100111100000
0000000000111111000111100000
0000000001111110000111100000
0000000001111100001111100000
0000000111111000001111000000
0000000111110000001111000000
0000000111100000011110000000
0000001111100000011110000000
0000001111000001111110000000
0000011111000011111100000000
0000011110000111111000000000
0000011110001111110000000000
0000011110111111100000000000
0000001111111110000000000000
0000000111111100000000000000
0000000111111000000000000000
0000000000000000000000000000
0000000000000000000000000000
0000000000000000000000000000
