0000000000000000000000000000
0000000000000000000000000000
0000000000000000000000000000
0000000000000000000000000000
0000000000000000000000000000
0000000000000000111111100000
0000000000111111111111110000
0000000001111111111101110000
0000000011111111100001111000
0000000011111111000000111000
0000000111111100000000011000
0000000111111000000000011100
0000000111111000000000011100
0000001110010000000000011100
0000001110000000000000011100
0000001110000000000000011100
0000001110000000000000111000
0000001110000000000000111000
0000001110000000000001110000
0000001110000000000001110000
0000001110000000000111100000
0000001111000000011111000000
0000000111110001111110000000
0000000111111111111000000000
0000000011111111110000000000
0000000000000000000000000000
0000000000000000000000000000
0000000000000000000000000000
