0000000000000000000000000000
0000000000000000000000000000
0000000000000000000000000000
0000000000000000000000000000
0000000000000000000000000000
0000000000000001111111000000
0000000000000111111111100000
0000000000001111111111100000
0000000000011111111011100000
0000000001111111110011100000
0000000011111111110011100000
0000000111111111100011100000
0000000111101111100011100000
0000000111011111000011100000
0000000110011110000011100000
0000000000011110000011100000
0000000000111100000111100000
0000000001111100001111000000
0000000001111000011111000000
0000000011111000011110000000
0000000111110001111100000000
0000000111111111111000000000
0000000111111111110000000000
0000000111111111100000000000
0000000011111100000000000000
0000000000000000000000000000
0000000000000000000000000000
0000000000000000000000000000
