0000000000000000000000000000
0000000000000000000000000000
0000000000000000000000000000
0000000000000000000000000000
0000000000000000000000000000
0000000001111111110000000000
0000000011111111111100000000
0000000011111111111110000000
0000000111111101111111000000
0000001111100000111111100000
0000001111100000000111110000
0000001111000000000011111000
0000011111000000000001111000
0000011111000000000001111000
0000011110000000000001111000
0000011110000000000001111000
0000011111000000000001111000
0000011111000000000001111000
0000001111000000000011111000
0000001111000000001111110000
0000001111110000011111100000
0000000111110000111111000000
0000000111111111111110000000
0000000011111111111100000000
0000000000111111110000000000
0000000000000000000000000000
0000000000000000000000000000
0000000000000000000000000000
