0000000000000000000000000000
0000000000000000000000000000
0000000000000000000000000000
0000000000000000000000000000
0000000000000000000000000000
0000000000111111110000000000
0000000000111111111100000000
0000000011111111111100000000
0000000011111111111111000000
0000000011111111111111110000
0000000111110110111110110000
0000000111100010111100000000
0000000111100000011110000000
0000001111100000011110000000
0000001111000000011110000000
0000001111000000011110000000
0000001111000000011110000000
0000001111000000111110000000
0000000111100000111110000000
0000000111100001111100000000
0000000111110001111100000000
0000000111111011111000000000
0000000011111111111000000000
0000000000111111110000000000
0000000000001111000000000000
0000000000000000000000000000
0000000000000000000000000000
0000000000000000000000000000
