0000000000000000000000000000
0000000000000000000000000000
0000000000000000000000000000
0000000000000000000000000000
0000000000110111100000000000
0000000001110111110000000000
0000000001100001111000000000
0000000011100000011100000000
0000000011100000011110000000
0000000011100000000111000000
0000000011000000000111000000
0000000011000000000111000000
0000000011000000000011000000
0000000011000000000111000000
0000000011000000000111000000
0000000011000000000111000000
0000000011100000000111000000
0000000011100000000111000000
0000000011110000000110000000
0000000001110000001110000000
0000000000111000001110000000
0000000000111100011100000000
0000000000011111111100000000
0000000000001111111000000000
0000000000000000000000000000
0000000000000000000000000000
0000000000000000000000000000
0000000000000000000000000000
