0000000000000000000000000000
0000000000000000000000000000
0000000000000000000000000000
0000000000000000000000000000
0000000000000000000000000000
0000000000000000000000000000
0000000000000000001110000000
0000000001110000111111100000
0000000011111011111111110000
0000000011111111111111110000
0000000111111111110001111000
0000001111111110000000111000
0000001111011000000000111000
0000001111011000000000111000
0000011110000000000001111000
0000011110000000000011111000
0000011100000000000111110000
0000011100000000001111100000
0000011100000000111111100000
0000011110000011111110000000
0000011111111111111100000000
0000011111111111111000000000
0000001111111110000000000000
0000000011100000000000000000
0000000000000000000000000000
0000000000000000000000000000
0000000000000000000000000000
0000000000000000000000000000
