0000000000000000000000000000
0000000000000000000000000000
0000000000000000000000000000
0000000000000000000000000000
0000000000000000000000000000
0000000000000000011110000000
0000000000000001111111000000
0000000000000011111111100000
0000000000011011111111100000
0000000001111111111111100000
0000000011111111111111110000
0000001111111111101111110000
0000001111111111001111110000
0000011111111110001111110000
0000011111111100001111110000
0000111111111100001111110000
0000111111011001111111110000
0000111111011111111111100000
0000111111111111111111100000
0000111111111111111110000000
0000111111111111111100000000
0000011111111111110000000000
0000000111111110000000000000
0000000000000000000000000000
0000000000000000000000000000
0000000000000000000000000000
0000000000000000000000000000
0000000000000000000000000000
