0000000000000000000000000000
0000000000000000000000000000
0000000000000000000000000000
0000000000000000000000000000
0000000000000011111100000000
0000000000000011111110000000
0000000000000011111110000000
0000000000000011111111000000
0000000000000111111111100000
0000000000001111111111100000
0000000000111111100111100000
0000000001111110000111100000
0000000011110000000111000000
0000000111110000000111000000
0000000111100000001111000000
0000000111000000001110000000
0000011111000000011110000000
0000011110000000011110000000
0000011100000000111100000000
0000011100000011111000000000
0000011110111111110000000000
0000011111111111100000000000
0000011111111111100000000000
0000000111111110000000000000
0000000000000000000000000000
0000000000000000000000000000
0000000000000000000000000000
0000000000000000000000000000
