0000000000000000000000000000
0000000000000000000000000000
0000000000000000000000000000
0000000000000000000000000000
0000000000000000000000000000
0000000000000011111110000000
0000000000001111111111100000
0000000000011111111111100000
0000000000111111111011110000
0000000001111110111011110000
0000000011111100011001110000
0000000011111000000011110000
0000001111110000000011110000
0000001111100000000011110000
0000001111000000000111110000
0000011111000000000111100000
0000011110000000001111100000
0000111110000000011111000000
0000111100000000111110000000
0000111100000011111110000000
0000111100011111111100000000
0000111111111111110000000000
0000111111111111100000000000
0000011111111110000000000000
0000001111100000000000000000
0000000000000000000000000000
0000000000000000000000000000
0000000000000000000000000000
