0000000000000000000000000000
0000000000000000000000000000
0000000000000000000000000000
0000000000000000000000000000
0000000000000111111000000000
0000000000000111111100000000
0000000000000111111110000000
0000000000000111111111100000
0000000000000111100111100000
0000000000001111000011110000
0000000000001111000001110000
0000000000011110000001110000
0000000000111110000001110000
0000000000111110000001110000
0000000001111100000011110000
0000000001111000000011110000
0000000011110000000111100000
0000000111110000001111100000
0000000111100000111111000000
0000001111000001111100000000
0000001111011111111100000000
0000001111111111110000000000
0000001111111111000000000000
0000000111111100000000000000
0000000000000000000000000000
0000000000000000000000000000
0000000000000000000000000000
0000000000000000000000000000
