0000000000000000000000000000
0000000000000000000000000000
0000000000000000000000000000
0000000000000000000000000000
0000000000000000000000000000
0000000000000000011111000000
0000000000000111111111100000
0000000000001111111111110000
0000000000111111111011110000
0000000000111111110001110000
0000000011111011100001110000
0000000011111111000001111000
0000000111110111000001111000
0000001111100110000001110000
0000001111000000000001110000
0000011110000000000011110000
0000011110000000000111100000
0000011110000000001111100000
0000011100000000111111000000
0000011100000000111100000000
0000011100000001111000000000
0000011110011111111000000000
0000011111111111100000000000
0000011111111110000000000000
0000001111111100000000000000
0000000000000000000000000000
0000000000000000000000000000
0000000000000000000000000000
