0000000000000000000000000000
0000000000000000000000000000
0000000000000000000000000000
0000000000000000000000000000
0000000000011111100000000000
0000000000011111110000000000
0000000000111111110000000000
0000000000111001110000000000
0000000000111000111000000000
0000000000111000111100000000
0000000001111000011100000000
0000000011111000011100000000
0000000011111100011100000000
0000000011111100011100000000
0000000111100000011100000000
0000000111100000011100000000
0000000011100000011100000000
0000000011110000011100000000
0000000011110000011100000000
0000000001111000011100000000
0000000001111100111100000000
0000000000111111111000000000
0000000000011111111000000000
0000000000000111110000000000
0000000000000000000000000000
0000000000000000000000000000
0000000000000000000000000000
0000000000000000000000000000
