0000000000000000000000000000
0000000000000000000000000000
0000000000000000000000000000
0000000000000000000000000000
0000000000000000000000000000
0000000000011111111000000000
0000000000111111111100000000
0000000001111111111110000000
0000000011111101111111000000
0000000111111011111111000000
0000000111110111110111000000
0000001111100111100111100000
0000001111000011100111100000
0000011111000000000111100000
0000011110000000000111100000
0000011110000000000111100000
0000011110000000000111000000
0000011110000000001111000000
0000011110000000001111000000
0000011100000000011111000000
0000011110000000111110000000
0000011111000001111100000000
0000001111111111111100000000
0000000111111111111000000000
0000000001111111110000000000
0000000000000000000000000000
0000000000000000000000000000
0000000000000000000000000000
