0000000000000000000000000000
0000000000000000000000000000
0000000000000000000000000000
0000000000000000000000000000
0000000000000001111000000000
0000000000000011111100000000
0000000000000111111100000000
0000000000000111111100000000
0000000000001111011100000000
0000000000011110011100000000
0000000000011110001110000000
0000000000111100001110000000
0000000000111100001110000000
0000000000111000000111000000
0000000001111000000111000000
0000000001111000000111000000
0000000001110000000111000000
0000000011110000001111000000
0000000011110000011110000000
0000000011100000111100000000
0000000011100111111100000000
0000000011111111111000000000
0000000011111111110000000000
0000000011111110000000000000
0000000000000000000000000000
0000000000000000000000000000
0000000000000000000000000000
0000000000000000000000000000
