0000000000000000000000000000
0000000000000000000000000000
0000000000000000000000000000
0000000000000000000000000000
0000000000011111110000000000
0000000000111111111000000000
0000000001111111111100000000
0000000001111111111100000000
0000000011110111011110000000
0000000011110111001110000000
0000000111100110001111000000
0000001111000000001111000000
0000001111000000000111000000
0000001110000000000111000000
0000001110000000000111000000
0000011110000000000111000000
0000011110000000000111000000
0000011110000000000111000000
0000011110000000000111000000
0000001111000000011111000000
0000001111110000111111000000
0000000111111111111110000000
0000000011111111111100000000
0000000001111111111000000000
0000000000000000000000000000
0000000000000000000000000000
0000000000000000000000000000
0000000000000000000000000000
