0000000000000000000000000000
0000000000000000000000000000
0000000000000000000000000000
0000000000000000000000000000
0000000000000011111111000000
0000000000000111111111100000
0000000000001111111111100000
0000000000011111000011110000
0000000000111110000001110000
0000000000111100000001110000
0000000001111000000001110000
0000000001110000000001110000
0000000111110000000011110000
0000000111100000000011110000
0000000111100000000111100000
0000001111000000000111100000
0000001110000000001111000000
0000001110000000011110000000
0000001110000000111110000000
0000001110000001111100000000
0000001110000011111000000000
0000001111111111110000000000
0000001111111111100000000000
0000000111111111000000000000
0000000000000000000000000000
0000000000000000000000000000
0000000000000000000000000000
0000000000000000000000000000
