0000000000000000000000000000
0000000000000000000000000000
0000000000000000000000000000
0000000000000000000000000000
0000000000001111110000000000
0000000000011111111000000000
0000000000111111111000000000
0000000001111111111100000000
0000000001111111111100000000
0000000011111111111110000000
0000000011111110111110000000
0000000011111100111111000000
0000000111111000111111000000
0000000111111000011111000000
0000001111110000011111000000
0000001111110000011111000000
0000001111100000011111000000
0000011111100000011111000000
0000011111100000011111000000
0000011111000000011111000000
0000011111110111111111000000
0000001111111111111110000000
0000001111111111111100000000
0000000001111111111000000000
0000000000000000000000000000
0000000000000000000000000000
0000000000000000000000000000
0000000000000000000000000000
