0000000000000000000000000000
0000000000000000000000000000
0000000000000000000000000000
0000000000000000000000000000
0000000000000111110000000000
0000000000001111111100000000
0000000000001111111110000000
0000000000011111111111000000
0000000000011111101111000000
0000000000111110000111000000
0000000001111110000111100000
0000000011111100000111100000
0000000011111000000111000000
0000000011111000001111000000
0000000111110000001111000000
0000000111110000001111000000
0000000111110000011111000000
0000000111100000011110000000
0000000111100000111110000000
0000000111100001111110000000
0000000111110011111100000000
0000000011111111111000000000
0000000001111111110000000000
0000000001111111000000000000
0000000000000000000000000000
0000000000000000000000000000
0000000000000000000000000000
0000000000000000000000000000
