0000000000000000000000000000
0000000000000000000000000000
0000000000000000000000000000
0000000000000000000000000000
0000000000011111110000000000
0000000000011111111000000000
0000000000111111111100000000
0000000000111000111100000000
0000000000111000011110000000
0000000001110000001110000000
0000000001110000001110000000
0000000001110000001110000000
0000000011100000000111000000
0000000011100000000111000000
0000000011100000000111000000
0000000011100000000111000000
0000000011110000001111000000
0000000001110000001111000000
0000000001110000011110000000
0000000001111000011110000000
0000000000111000111100000000
0000000000111111111100000000
0000000000011111111000000000
0000000000001111110000000000
0000000000000000000000000000
0000000000000000000000000000
0000000000000000000000000000
0000000000000000000000000000
