0000000000000000000000000000
0000000000000000000000000000
0000000000000000000000000000
0000000000000000000000000000
0000000000000000000000000000
0000000000000000000000000000
0000000000111111111111100000
0000000111111111111111100000
0000001111111111111111110000
0000011111111111100111110000
0000011111111111100111111000
0000011111111111100011111000
0000011111111111100011111000
0000011111111111111111110000
0000001111111111111111110000
0000001111111000001111100000
0000001111110000001111100000
0000001111100000011111100000
0000001111100000111111000000
0000011111100001111111000000
0000001111100001111110000000
0000001111100111111100000000
0000001111111111111000000000
0000001111111111110000000000
0000000111111111000000000000
0000000111111110000000000000
0000000000000000000000000000
0000000000000000000000000000
