0000000000000000000000000000
0000000000000000000000000000
0000000000000000000000000000
0000000000000000000000000000
0000000000000000000000000000
0000000000000111110000000000
0000000000001111110000000000
0000000000011111111110000000
0000000000111111111111100000
0000000000111100001111100000
0000000001111000000011100000
0000000011110000000011110000
0000000011110000000001110000
0000000011100000000001100000
0000000111100000000011100000
0000000111000000000111000000
0000000111000000000111000000
0000001110000000001110000000
0000001110000000001110000000
0000001110000000111100000000
0000001110000000111100000000
0000000111000011111000000000
0000000111111111110000000000
0000000011111111000000000000
0000000001111110000000000000
0000000000000000000000000000
0000000000000000000000000000
0000000000000000000000000000
