0000000000000000000000000000
0000000000000000000000000000
0000000000000000000000000000
0000000000000011111100000000
0000000000000010111110000000
0000000000000000011111000000
0000000000000000000011000000
0000000000011110000011100000
0000000000111110000011100000
0000000001111000000001100000
0000000011110000000001110000
0000000011100000000001110000
0000000011100000000001110000
0000000111000000000011110000
0000001111000000000011110000
0000001111000000000011000000
0000001110000000000011000000
0000001110000000000110000000
0000001110000001111100000000
0000001111100111111100000000
0000000111111111110000000000
0000000111111111100000000000
0000000001111111000000000000
0000000000000000000000000000
0000000000000000000000000000
0000000000000000000000000000
0000000000000000000000000000
0000000000000000000000000000
