0000000000000000000000000000
0000000000000000000000000000
0000000000000000000000000000
0000000000000000000000000000
0000000000000000000000000000
0000000000000000000000000000
0000000000000011111100000000
0000000000001111111110000000
0000000000011111111111000000
0000000001111100111111100000
0000000011111000011011110000
0000000111100000011001111000
0000001111000000000000111000
0000001111000000000000011000
0000011110000000000000111000
0000011100000000000000111000
0000011100000000000001110000
0000011000000000001111110000
0000011110000001111111100000
0000011111111111111111000000
0000001111111111111000000000
0000000111111111000000000000
0000000000000000000000000000
0000000000000000000000000000
0000000000000000000000000000
0000000000000000000000000000
0000000000000000000000000000
0000000000000000000000000000
