0000000000000000000000000000
0000000000000000000000000000
0000000000000000000000000000
0000000000000000000000000000
0000000001111111100000000000
0000000001111111111000000000
0000111011111111111100000000
0000111001011111111110000000
0000111000000000011111000000
0000111000000000011111000000
0000111100000000001111100000
0000111100000000000011100000
0000111100000000000011100000
0000011100000000000011110000
0000011100000000000001110000
0000011100000000000011110000
0000011100000000000011110000
0000011110000000000111100000
0000001111000000001111100000
0000001111000001111111000000
0000001111111111111111000000
0000000111111111111110000000
0000000111111111111000000000
0000000001111111000000000000
0000000000000000000000000000
0000000000000000000000000000
0000000000000000000000000000
0000000000000000000000000000
