0000000000000000000000000000
0000000000000000000000000000
0000000000000000000000000000
0000000000000000000000000000
0000000000000111110000000000
0000000000000111111110000000
0000000000001111111111000000
0000000000011111111111100000
0000000000111110111111110000
0000000001111100000111110000
0000000001111000000011110000
0000000111111110000111110000
0000000111110000000111110000
0000000111110000000111110000
0000000111100000000111100000
0000001111100000001111100000
0000001111000000001111000000
0000001110000000111110000000
0000011110000000111110000000
0000001110000011111100000000
0000001111001111111000000000
0000001111111111110000000000
0000001111111111000000000000
0000000111111110000000000000
0000000000000000000000000000
0000000000000000000000000000
0000000000000000000000000000
0000000000000000000000000000
