0000000000000000000000000000
0000000000000000000000000000
0000000000000000000000000000
0000000000000000000000000000
0000000000011111111000000000
0000000001111111111000000000
0000000111111111111111000000
0000000111111111111111100000
0000000111111111111111100000
0000001111111111111111100000
0000001111111110000111100000
0000001111111110000111111000
0000001111111000000111111000
0000001111110000000111111000
0000011111100000000111111000
0000011111100000001111111000
0000011111100000011111110000
0000011111100001111111100000
0000011111101111111111100000
0000011111111111111111100000
0000011111111111111111000000
0000011111111111111110000000
0000000111111111111100000000
0000000000011111100000000000
0000000000000000000000000000
0000000000000000000000000000
0000000000000000000000000000
0000000000000000000000000000
