0000000000000000000000000000
0000000000000000000000000000
0000000000000000000000000000
0000000000000000000000000000
0000000000000000000000000000
0000000000011110111000000000
0000000000011111111110000000
0000000000111111111110000000
0000000000111111111111000000
0000000001111110000111000000
0000000001111110000111000000
0000000001110110000111000000
0000000011110000000111000000
0000000011100000000011000000
0000000011100000000011100000
0000000011100000000011100000
0000000111100000000011100000
0000000111000000000011100000
0000000111000000000011100000
0000000111000000000111100000
0000000111100000001111000000
0000000011100000111110000000
0000000011111111111100000000
0000000011111111111000000000
0000000000111111100000000000
0000000000000000000000000000
0000000000000000000000000000
0000000000000000000000000000
