0000000000000000000000000000
0000000000000000000000000000
0000000000000000000000000000
0000000000000000000000000000
0000000000000011111000000000
0000000000000111111100000000
0000000000001111111100000000
0000000000011111001100000000
0000000000011110001111000000
0000000000011110000111000000
0000000010011100000111100000
0000000111111100000011100000
0000000111111000000011100000
0000000111111100000001110000
0000001111011100000001110000
0000001111011110000001110000
0000001111011110000001100000
0000000111001111000011100000
0000000111100111100111100000
0000000011100001100111100000
0000000011111000001111000000
0000000001111111111111000000
0000000000111111111110000000
0000000000001111111000000000
0000000000000000000000000000
0000000000000000000000000000
0000000000000000000000000000
0000000000000000000000000000
