0000000000000000000000000000
0000000000000000000000000000
0000000000000000000000000000
0000000000000000000000000000
0000000000000001111111110000
0000000000000111111111111000
0000000000001111111111111000
0000000000111111111111111000
0000000001111111110001111000
0000000011111110000001111000
0000000011111100000001111000
0000001111111000000011111000
0000001111111000000011111000
0000001111110000000011111000
0000011111100000000111110000
0000011111100000000111110000
0000011111000000001111100000
0000011110000000011111100000
0000011110000000111111000000
0000011111100111111110000000
0000011111111111111110000000
0000011111111111111100000000
0000011111111111110000000000
0000001111111111000000000000
0000000000000000000000000000
0000000000000000000000000000
0000000000000000000000000000
0000000000000000000000000000
