0000000000000000000000000000
0000000000000000000000000000
0000000000000000000000000000
0000000000000000000000000000
0000000000000000000000000000
0000000000000011111100000000
0000000000001111111110000000
0000000000011111111110000000
0000000000111111111110000000
0000000001111111111111000000
0000000011111111101111000000
0000000111110011111111000000
0000001111100000110111000000
0000001111100000001111000000
0000001111000000001111000000
0000001111000000001111000000
0000011111000000001111000000
0000011111000000011110000000
0000011111000000111110000000
0000011111000000111110000000
0000001111000000111100000000
0000001111100001111100000000
0000001111111111111000000000
0000000111111111110000000000
0000000011111111100000000000
0000000000000000000000000000
0000000000000000000000000000
0000000000000000000000000000
