0000000000000000000000000000
0000000000000000000000000000
0000000000000000000000000000
0000000000000000000000000000
0000000000000000111111100000
0000000000000001111111110000
0000000000000011111111110000
0000000000000011111111110000
0000000000000111111011110000
0000000000001111110011110000
0000000000011111100011100000
0000000000111111000011100000
0000000001111110000011100000
0000000001111100000111100000
0000000011111000001111100000
0000000111111000001111000000
0000000111110000011111000000
0000001111100000111110000000
0000011111100011111110000000
0000011110011111111000000000
0000111111111111111000000000
0000111111111111100000000000
0000111111111111000000000000
0000011111111100000000000000
0000000000000000000000000000
0000000000000000000000000000
0000000000000000000000000000
0000000000000000000000000000
