0000000000000000000000000000
0000000000000000000000000000
0000000000000000000000000000
0000000000000000000000000000
0000000000000000111100000000
0000000000011011111111000000
0000000001111111111111100000
0000000011111111110111100000
0000000111111111000011110000
0000000111100000000011110000
0000001111100000000001111000
0000011111000000000001111000
0000011110000000000000111000
0000011110000000000000111000
0000011110000000000000111000
0000011110000000000000111000
0000011110000000000000111000
0000011110000000000001111000
0000011110000000000011110000
0000011111110000001111110000
0000011111111111111111110000
0000000111111111111111100000
0000000001111111111110000000
0000000000000001100000000000
0000000000000000000000000000
0000000000000000000000000000
0000000000000000000000000000
0000000000000000000000000000
