0000000000000000000000000000
0000000000000000000000000000
0000000000000000000000000000
0000000000000000000000000000
0000000000001111000000000000
0000000000011111000000000000
0000000000011111111000000000
0000000000111111111100000000
0000000000111111111110000000
0000000001111001111111000000
0000000011111000001111000000
0000000011110000000111000000
0000000011100000000111000000
0000000111100000000011000000
0000000111100000000011000000
0000000111100000000111000000
0000000111100000000111000000
0000000111100000001111000000
0000000111100000011110000000
0000000111100001111110000000
0000000111100111111100000000
0000000011111111111100000000
0000000011111111110000000000
0000000001111111000000000000
0000000000000000000000000000
0000000000000000000000000000
0000000000000000000000000000
0000000000000000000000000000
