0000000000000000000000000000
0000000000000000000000000000
0000000000000000000000000000
0000000000000000000000000000
0000000000011110000000000000
0000000000111111111000000000
0000000000111111111110000000
0000000000111111111110000000
0000000001111111111110000000
0000000001111101111110000000
0000000011111000001111000000
0000000011111000001111100000
0000000011110000011111000000
0000000111110000011111000000
0000000111110000011110000000
0000000111100000011110000000
0000000111100001111110000000
0000000111100001111110000000
0000000111100011111100000000
0000000111100111111100000000
0000000111111111111000000000
0000000111111111110000000000
0000000111111111000000000000
0000000011111110000000000000
0000000000000000000000000000
0000000000000000000000000000
0000000000000000000000000000
0000000000000000000000000000
