0000000000000000000000000000
0000000000000000000000000000
0000000000000000000000000000
0000000000000000000000000000
0000000000000000000000000000
0000000000000011111110000000
0000000000000111111111000000
0000000000001111111111100000
0000000000011111000001100000
0000000000011110000001100000
0000000000111110000001110000
0000000000111110000001110000
0000000001110010000001100000
0000000001110000000011100000
0000000001110000000011000000
0000000011100000000110000000
0000000011100000000110000000
0000000011100000001110000000
0000000011100000011100000000
0000000011100000011100000000
0000000011100000111000000000
0000000011100001110000000000
0000000001111111100000000000
0000000001111111000000000000
0000000000111110000000000000
0000000000000000000000000000
0000000000000000000000000000
0000000000000000000000000000
