0000000000000000000000000000
0000000000000000000000000000
0000000000000000000000000000
0000000000000000000000000000
0000000000000000000000000000
0000000000000111110000000000
0000000000011111111100000000
0000000000111111111100000000
0000000000111111111100000000
0000000001111111011100000000
0000000001111000011100000000
0000000011110000011100000000
0000000011110000011100000000
0000000011100000011100000000
0000000011100000011100000000
0000000011100000011100000000
0000000011000000111100000000
0000000011000001111100000000
0000000011000011111000000000
0000000011000011111000000000
0000000011100111110000000000
0000000011101111110000000000
0000000011111111100000000000
0000000001111111000000000000
0000000000111100000000000000
0000000000000000000000000000
0000000000000000000000000000
0000000000000000000000000000
