0000000000000000000000000000
0000000000000000000000000000
0000000000000000000000000000
0000000000000000000000000000
0000000000000000111111000000
0000000000000001111111100000
0000000000001111111111100000
0000000000011111111011110000
0000000000011111110001110000
0000000000111011000001110000
0000000001111011000001110000
0000000011110011000001110000
0000000011110011000001110000
0000000111100000000001110000
0000000111000000000011110000
0000001111000000000011100000
0000001110000000000111000000
0000001110000000011111000000
0000011110000000111110000000
0000011110000011111100000000
0000011110011111111000000000
0000011111111111100000000000
0000001111111110000000000000
0000000111111000000000000000
0000000000000000000000000000
0000000000000000000000000000
0000000000000000000000000000
0000000000000000000000000000
