0000000000000000000000000000
0000000000000000000000000000
0000000000000000000000000000
0000000000000000000000000000
0000000000000000011111000000
0000000000000000111111100000
0000000000000011111111100000
0000000000000111111111110000
0000000000001111111111110000
0000000000011111111111110000
0000000000111111110011110000
0000000001111110000111110000
0000000011111110000111110000
0000000111111100001111100000
0000000111111000011111100000
0000001111110000111111100000
0000001111100000111111000000
0000001111100001111110000000
0000011111000111111100000000
0000011111001111111100000000
0000011111111111110000000000
0000001111111111110000000000
0000001111111111100000000000
0000000111111110000000000000
0000000000000000000000000000
0000000000000000000000000000
0000000000000000000000000000
0000000000000000000000000000
