0000000000000000000000000000
0000000000000000000000000000
0000000000000000000000000000
0000000000000000000000000000
0000000000000000000000000000
0000000000000000000111000000
0000000000000001111111100000
0000000000000111111111100000
0000000000111111111111110000
0000000000111111111111110000
0000000111111111111111110000
0000001111111111000111110000
0000011111111110000111110000
0000111111111000000111110000
0000111111110000001111110000
0000111111000000111111100000
0000111110000001111111100000
0000111111001111111111000000
0000111111111111111110000000
0000111111111111111100000000
0000111111111111111000000000
0000001111111111110000000000
0000000011111110000000000000
0000000000000000000000000000
0000000000000000000000000000
0000000000000000000000000000
0000000000000000000000000000
0000000000000000000000000000
