0000000000000000000000000000
0000000000000000000000000000
0000000000000000000000000000
0000000000000111100000000000
0000000000000111110000000000
0000000011100011111000000000
0000000111100001111100000000
0000000111000000111110000000
0000001110000000011110000000
0000011110000000011111000000
0000011110000000001111000000
0000011100000000000111000000
0000011100000000000111100000
0000111100000000000111110000
0000111110000000000011110000
0000011110000000000011110000
0000011110000000000011110000
0000011110000000000011110000
0000011111000000000011110000
0000001111100000000111100000
0000000111111001111111000000
0000000011111111111111000000
0000000000111111111000000000
0000000000000000000000000000
0000000000000000000000000000
0000000000000000000000000000
0000000000000000000000000000
0000000000000000000000000000
