0000000000000000000000000000
0000000000000000000000000000
0000000000000000000000000000
0000000000000000000000000000
0000000000000000000000000000
0000000000111111000000000000
0000000001111111111100000000
0000000001111111111110000000
0000000011111111111111000000
0000000011111000011111100000
0000000111110000111111100000
0000000111100000111111100000
0000000111100001111011100000
0000000111100011110011100000
0000000111000111110111100000
0000000111000111100111000000
0000001111001111101111000000
0000001111011111001111000000
0000001111011110011110000000
0000000111111100111100000000
0000000111111101111000000000
0000000111110111111000000000
0000000111111111110000000000
0000000011111111100000000000
0000000001111110000000000000
0000000000000000000000000000
0000000000000000000000000000
0000000000000000000000000000
