0000000000000000000000000000
0000000000000000000000000000
0000000000000000000000000000
0000000000111000000000000000
0000000001111110000000000000
0000000001110111100000000000
0000000011110011111000000000
0000000011100001111000000000
0000000011000000111100000000
0000000111000000011110000000
0000000111000000001110000000
0000000111000000000111000000
0000000111000000000111000000
0000000110000000000011000000
0000000110000000000011100000
0000000111000000000011100000
0000000111000000000011100000
0000000111000000000011100000
0000000111100000000011100000
0000000011110000000111100000
0000000001111000001111000000
0000000001111111111110000000
0000000000011111111100000000
0000000000000000000000000000
0000000000000000000000000000
0000000000000000000000000000
0000000000000000000000000000
0000000000000000000000000000
