0000000000000000000000000000
0000000000000000000000000000
0000000000000000000000000000
0000000000000000000000000000
0000000000000000000111100000
0000000000000000011111100000
0000000000000000111111100000
0000000000000001111111100000
0000000000000111111011100000
0000000000011111110001110000
0000000000111111000001110000
0000000001111110000001110000
0000000011111000000011110000
0000000111110000000011110000
0000001111100000000111100000
0000011111000000001111100000
0000011110000000011111100000
0000111100000000111111000000
0000111100000011111110000000
0000111000000111111100000000
0000110000111111111000000000
0000111111111111100000000000
0000111111111110000000000000
0000011111110000000000000000
0000000000000000000000000000
0000000000000000000000000000
0000000000000000000000000000
0000000000000000000000000000
