0000000000000000000000000000
0000000000000000000000000000
0000000000000000000000000000
0000000000000000000000000000
0000000000111000000000000000
0000000001111100011111000000
0000000001111100111111000000
0000000011111100111111100000
0000000111111000001111111000
0000000111110000000111111000
0000001111110000000011111000
0000001111100000000001111100
0000001111100000000001111100
0000001111100000000000111100
0000001111100000000000111100
0000001111000000000000111100
0000001111000000000001111100
0000001111000000000011111000
0000001111000000001111111000
0000001111111111111111110000
0000001111111111111111000000
0000000111111111111100000000
0000000111111111111000000000
0000000000111111000000000000
0000000000000000000000000000
0000000000000000000000000000
0000000000000000000000000000
0000000000000000000000000000
