0000000000000000000000000000
0000000000000000000000000000
0000000000000000000000000000
0000000000000000000000000000
0000000000001111100000000000
0000000000011111110000000000
0000000001111101111000000000
0000000001111000111100000000
0000000011110000111100000000
0000000011100000011110000000
0000000111100000011110000000
0000000111000000001111000000
0000000111000000001111000000
0000001110000000000111100000
0000001110000000000111100000
0000001110000000000111100000
0000001110000000000011100000
0000000111000000000011100000
0000000111000000000011100000
0000000111100000000011100000
0000000011110000000011100000
0000000001111100000111000000
0000000000111111111110000000
0000000000001111111110000000
0000000000000000000000000000
0000000000000000000000000000
0000000000000000000000000000
0000000000000000000000000000
