0000000000000000000000000000
0000000000000000000000000000
0000000000000000000000000000
0000000000000000000000000000
0000000000000011111100000000
0000000000000111111110000000
0000000000011111111110000000
0000000000011111001100000000
0000000000111111100000000000
0000000001111111110000000000
0000000011111011111000000000
0000000011110001111100000000
0000000011110000111100000000
0000000111100000011110000000
0000000111100000011110000000
0000000111100000001110000000
0000000111000000001110000000
0000000111000000011110000000
0000000111000000011110000000
0000000111000000111110000000
0000000111100001111100000000
0000000111111111111100000000
0000000011111111111000000000
0000000001111111100000000000
0000000000000000000000000000
0000000000000000000000000000
0000000000000000000000000000
0000000000000000000000000000
