0000000000000000000000000000
0000000000000000000000000000
0000000000000000000000000000
0000000000000000000000000000
0000000000000000000000000000
0000000000000000001111111000
0000000000000001111111111100
0000000000000001111111111100
0000000000000111111111111100
0000000000001111110011111000
0000000000011111100111110000
0000000000111110001111110000
0000000001111110001111100000
0000000011111100011111100000
0000000011111000111111000000
0000000111110001111110000000
0000001111110001111110000000
0000001111100001111110000000
0000001111100111111100000000
0000001111111111110000000000
0000001111111111110000000000
0000001111111111000000000000
0000001111111100000000000000
0000001111111000000000000000
0000001111110000000000000000
0000000000000000000000000000
0000000000000000000000000000
0000000000000000000000000000
