0000000000000000000000000000
0000000000000000000000000000
0000000000000000000000000000
0000000000000000000000000000
0000000000000111111000000000
0000000001111111111000000000
0000000001111111111100000000
0000000011111101111110000000
0000000111111000011110000000
0000000111110000011110000000
0000000111100000001110000000
0000001111000000001111000000
0000001111000000001111000000
0000001110000000001111000000
0000001111000000001111000000
0000001111000000001111000000
0000001111000000001111000000
0000001111000000001111000000
0000001111110000001111000000
0000000111111000011110000000
0000000011111111111110000000
0000000011111111111100000000
0000000000111111111000000000
0000000000011111110000000000
0000000000000000000000000000
0000000000000000000000000000
0000000000000000000000000000
0000000000000000000000000000
