0000000000000000000000000000
0000000000000000000000000000
0000000000000000000000000000
0000000000000000000000000000
0000000000011110000000000000
0000000000111111000000000000
0000000000111111000000000000
0000000000111011100000000000
0000000000111011110000000000
0000000000111001110000000000
0000000000111000111000000000
0000000000111000111000000000
0000000001110000011100000000
0000000001110000011110000000
0000000001110000001110000000
0000000011100000001110000000
0000000011100000000111000000
0000000011100000000111000000
0000000011100000000111000000
0000000011100000000111000000
0000000011110000000110000000
0000000001111000011110000000
0000000000111111111100000000
0000000000011111111000000000
0000000000000000000000000000
0000000000000000000000000000
0000000000000000000000000000
0000000000000000000000000000
