0000000000000000000000000000
0000000000000000000000000000
0000000000000000000000000000
0000000000000000000000000000
0000000000000001111111100000
0000000000000011111111100000
0000000000000111111111100000
0000000000000111111111100000
0000000000001111111111110000
0000000000011111111111110000
0000000000111111111111110000
0000000001111111100111110000
0000000011111110001111110000
0000000111111100011111100000
0000000111111100111111100000
0000011111111000111111000000
0000111111110001111111000000
0000111111100111111110000000
0000111111001111111100000000
0000111111111111111000000000
0000111111111111110000000000
0000111111111111100000000000
0000011111111110000000000000
0000001111111000000000000000
0000000000000000000000000000
0000000000000000000000000000
0000000000000000000000000000
0000000000000000000000000000
