0000000000000000000000000000
0000000000000000000000000000
0000000000000000000000000000
0000000000000000000000000000
0000000000000011111111000000
0000000000000111111111000000
0000000000001111111111100000
0000000000011111111111100000
0000000000011111111111110000
0000000000111111011111110000
0000000001111110011111110000
0000000011111100001111110000
0000000111111000000111110000
0000000111110000000011110000
0000001111110000000011110000
0000011111100000000111110000
0000011111000000001111100000
0000111110000000011111100000
0000111110000011111111000000
0000111110011111111111000000
0000111111111111111100000000
0000111111111111111000000000
0000111111111111100000000000
0000011111111100000000000000
0000000000000000000000000000
0000000000000000000000000000
0000000000000000000000000000
0000000000000000000000000000
