0000000000000000000000000000
0000000000000000000000000000
0000000000000000000000000000
0000000000000000000000000000
0000000000000111110000000000
0000000000011111111000000000
0000000000111111111000000000
0000000001111111111100000000
0000000001111011111110000000
0000000111111111111110000000
0000000111101111111111000000
0000000111101110111111000000
0000001111111100111111100000
0000011110111100111111100000
0000011100111001111111100000
0000011100111001111111100000
0000011100001011111111100000
0000011110000011110111100000
0000011110000011101111100000
0000011111100011111111000000
0000011111111111111110000000
0000000111111111111110000000
0000000011111111111000000000
0000000000111111100000000000
0000000000000000000000000000
0000000000000000000000000000
0000000000000000000000000000
0000000000000000000000000000
