0000000000000000000000000000
0000000000000000000000000000
0000000000000000000000000000
0000000000000000000000000000
0000000000000000000000000000
0000000000011111000000000000
0000000000111111110000000000
0000000000111111110000000000
0000000001111111111000000000
0000000001111011111100000000
0000000001111001111100000000
0000000001111000111110000000
0000000001111100111110000000
0000000001111100011110000000
0000000000111100011110000000
0000000000111000011110000000
0000000001111100011110000000
0000000001111100011110000000
0000000001111100111110000000
0000000000111101111100000000
0000000000111111111000000000
0000000000111111111000000000
0000000000111111110000000000
0000000000111111000000000000
0000000000111110000000000000
0000000000000000000000000000
0000000000000000000000000000
0000000000000000000000000000
