0000000000000000000000000000
0000000000000000000000000000
0000000000000000000000000000
0000000000000000000000000000
0000000000000101111110000000
0000000000001111111111000000
0000000000011111111111100000
0000000000111111111111100000
0000000000111111100011100000
0000000001111111000011100000
0000000001111000000011100000
0000000011110000000011100000
0000000111110000000011100000
0000000111100000000011100000
0000000111100000000011100000
0000001111000000000111100000
0000011111000000001111000000
0000011111000000011111000000
0000011110000000111111000000
0000011110000001111110000000
0000011111111111111000000000
0000011111111111110000000000
0000011111111111100000000000
0000001111111110000000000000
0000000000000000000000000000
0000000000000000000000000000
0000000000000000000000000000
0000000000000000000000000000
