0000000000000000000000000000
0000000000000000000000000000
0000000000000000000000000000
0000000000000000000000000000
0000000000000000000000000000
0000000000000000000000000000
0000000000000000000000000000
0000000000000111111111000000
0000000011011111111111100000
0000000111111111111111110000
0000001111111110001111111000
0000011110111000000011111000
0000011100111000000000111000
0000011100111000000000011000
0000011100000000000000011000
0000011100000000000000011000
0000011100000000000000111000
0000011110000000000000111000
0000011110000000000001110000
0000001111000000000011100000
0000000111111100011111100000
0000000011111111111111000000
0000000000111111111100000000
0000000000000000000000000000
0000000000000000000000000000
0000000000000000000000000000
0000000000000000000000000000
0000000000000000000000000000
