0000000000000000000000000000
0000000000000000000000000000
0000000000000000000000000000
0000000000000000000000000000
0000000000000011111000000000
0000000000000111111100000000
0000000000000111111110000000
0000000000000111001110000000
0000000000001111000111000000
0000000000011110000011000000
0000000000111100000011000000
0000000001111000000011000000
0000000001110000000011000000
0000000011100000000011000000
0000000011100000000111000000
0000000011000000000111000000
0000000011000000001110000000
0000000011000000001110000000
0000000011000000011100000000
0000000011000000111100000000
0000000011000001111000000000
0000000011110011110000000000
0000000011111111100000000000
0000000001111111000000000000
0000000000000000000000000000
0000000000000000000000000000
0000000000000000000000000000
0000000000000000000000000000
