0000000000000000000000000000
0000000000000000000000000000
0000000000000000000000000000
0000000000000000000000000000
0000000000000000000000000000
0000000000000000000000000000
0000000000000011111111110000
0000000000011111111111110000
0000000000111111111111110000
0000000011111111111111110000
0000000011111111111111110000
0000001111111111111111110000
0000001111111100001111100000
0000001111110000001111000000
0000011111110000001111000000
0000111111100000001111000000
0000111111000000001111000000
0000111111000000001111000000
0000111111110000011111000000
0000111111111111111111000000
0000011111111111111111000000
0000001111111111111111000000
0000001111111111111100000000
0000000000110111110000000000
0000000000000000000000000000
0000000000000000000000000000
0000000000000000000000000000
0000000000000000000000000000
