0000000000000000000000000000
0000000000000000000000000000
0000000000000000000000000000
0000000000000000111100000000
0000000000000011111100000000
0000000000000111111100000000
0000000000000111111100000000
0000000000011111011100000000
0000000000111110011111000000
0000000001111110001111000000
0000000001111100001111000000
0000000011111000001111000000
0000000111110000001111000000
0000001111110000001111000000
0000001111000000001111000000
0000011111000000011111000000
0000011111000000011111000000
0000011111000000111111000000
0000011110000001111100000000
0000011111101111111100000000
0000001111111111111100000000
0000001111111111110000000000
0000000011111111100000000000
0000000000000000000000000000
0000000000000000000000000000
0000000000000000000000000000
0000000000000000000000000000
0000000000000000000000000000
