0000000000000000000000000000
0000000000000000000000000000
0000000000000000000000000000
0000000000000000000000000000
0000000000000000011111100000
0000000000000000111111110000
0000000000000111111111110000
0000000000001111111111110000
0000000000011111111111100000
0000000000111111111111100000
0000000011111111101111110000
0000000011111111001111110000
0000001111111100000111110000
0000001111111100001111110000
0000011111110000011111110000
0000011111110000111111110000
0000111111000011111111000000
0000111111000111111111000000
0000111111111111111100000000
0000111111111111111000000000
0000011111111111100000000000
0000011111111111000000000000
0000001111111100000000000000
0000000011110000000000000000
0000000000000000000000000000
0000000000000000000000000000
0000000000000000000000000000
0000000000000000000000000000
