0000000000000000000000000000
0000000000000000000000000000
0000000000000000000000000000
0000000000000000000000000000
0000000000000000000000000000
0000000000000000111000111000
0000000000000001111101111000
0000000000000111111101111000
0000000000001111111001111000
0000000000011111111001111000
0000000000111111111001111000
0000000001111111111001111000
0000000011111111110011110000
0000000011111100000011110000
0000001111110000001111110000
0000001111100000011111100000
0000001111000000111111000000
0000011111000011111110000000
0000011110001111111100000000
0000011111111111111000000000
0000011111111111100000000000
0000011111111110000000000000
0000001111111000000000000000
0000000000000000000000000000
0000000000000000000000000000
0000000000000000000000000000
0000000000000000000000000000
0000000000000000000000000000
