0000000000000000000000000000
0000000000000000000000000000
0000000000000000000000000000
0000000000000000000000000000
0000000000000000000000000000
0000000000000000011111100000
0000000000011111111111110000
0000000001111111111111110000
0000000011111111111001110000
0000000111111111011001110000
0000000111111110010011110000
0000001111111101111011110000
0000001111110011111111100000
0000001111100111111111100000
0000011111111111111111100000
0000011111111100011111100000
0000011111100000011111100000
0000011111100000111111000000
0000011111100001111110000000
0000011111100111111110000000
0000001111111111111100000000
0000000111111111111000000000
0000000011111111110000000000
0000000001111111100000000000
0000000000011111000000000000
0000000000000000000000000000
0000000000000000000000000000
0000000000000000000000000000
