0000000000000000000000000000
0000000000000000000000000000
0000000000000000000000000000
0000000000000001111000000000
0000000000000011111000000000
0000000000000001111000000000
0000000000000011111110000000
0000000000001111111110000000
0000000000011111111110000000
0000000000011111111111100000
0000000000111111011111100000
0000000000111110011110000000
0000000001111100011110000000
0000000001111100011110000000
0000000011111000011110000000
0000000011111000011110000000
0000000011110000011110000000
0000000111110001111110000000
0000000111110111111110000000
0000000111111111111000000000
0000000011111111111000000000
0000000011111111110000000000
0000000011111111000000000000
0000000000000000000000000000
0000000000000000000000000000
0000000000000000000000000000
0000000000000000000000000000
0000000000000000000000000000
