0000000000000000000000000000
0000000000000000000000000000
0000000000000000000000000000
0000000000000000000000000000
0000000000011111100000000000
0000000000111111111000000000
0000000001111111111100000000
0000000001111101111100000000
0000000001110000111110000000
0000000001110000111110000000
0000000011100000111111000000
0000000011100000111111000000
0000000011100000010111000000
0000000011100000000111000000
0000000011000000000111000000
0000000011000000000111000000
0000000011000000000111000000
0000000011000000001111000000
0000000011100000001111000000
0000000011100000011110000000
0000000011110001111110000000
0000000001111111111100000000
0000000001111111111100000000
0000000000111111110000000000
0000000000000000000000000000
0000000000000000000000000000
0000000000000000000000000000
0000000000000000000000000000
