0000000000000000000000000000
0000000000000000000000000000
0000000000000000000000000000
0000000000000000000000000000
0000000011011111100000000000
0000000111111111111100000000
0000000111111111111110000000
0000000111100000000111000000
0000001111000000000011100000
0000001110000000000001100000
0000001110000000000001100000
0000001100000000000001110000
0000001100000000000001110000
0000001100000000000001110000
0000001100000000000001110000
0000001100000000000001110000
0000001110000000000011100000
0000000111000000000011100000
0000000111000000000111000000
0000000111000000001111000000
0000000111100000011110000000
0000000011110011111100000000
0000000001111111110000000000
0000000000111111100000000000
0000000000000000000000000000
0000000000000000000000000000
0000000000000000000000000000
0000000000000000000000000000
