0000000000000000000000000000
0000000000000000000000000000
0000000000000000000000000000
0000000000000000000000000000
0000000000000000000000000000
0000000000000000000000000000
0000000000000000001101100000
0000000000000000011111110000
0000000000000000111111111000
0000000000000011111111111000
0000000000000111111111110000
0000000000011111110111110000
0000000000111111100111100000
0000000001111111001111100000
0000000011111100011111000000
0000000111111000111110000000
0000001111110001111100000000
0000001111100011111100000000
0000011111000111110000000000
0000011111111111100000000000
0000011111111110000000000000
0000011111111100000000000000
0000011111110000000000000000
0000011111000000000000000000
0000000000000000000000000000
0000000000000000000000000000
0000000000000000000000000000
0000000000000000000000000000
