0000000000000000000000000000
0000000000000000000000000000
0000000000000000000000000000
0000000000000000000000000000
0000000000001111000000000000
0000000000011111110000000000
0000000000111111110000000000
0000000001111111111000000000
0000000011111001111100000000
0000000011110000111100000000
0000000011110000011110000000
0000000011110000011110000000
0000000011111000011110000000
0000000011111000001110000000
0000000011111000001110000000
0000000001111000001111000000
0000000001110000001111000000
0000000001111000011110000000
0000000001111000011110000000
0000000001111000111110000000
0000000001111001111100000000
0000000001111111111000000000
0000000000111111111000000000
0000000000011111110000000000
0000000000000000000000000000
0000000000000000000000000000
0000000000000000000000000000
0000000000000000000000000000
