0000000000000000000000000000
0000000000000000000000000000
0000000000000000000000000000
0000000000000000000000000000
0000000000000000000000000000
0000000000000011100111000000
0000000000000011111111100000
0000000000000111111111110000
0000000000001111111111110000
0000000000001111111000110000
0000000000011111100001110000
0000000000011110000001110000
0000000000111100000001100000
0000000001111000000011100000
0000000001110000000111000000
0000000011110000001111000000
0000000111100000011110000000
0000001111000000111100000000
0000001111000001111000000000
0000011110001111110000000000
0000011100111111100000000000
0000111001111100000000000000
0000111111111000000000000000
0000111111100000000000000000
0000111100000000000000000000
0000000000000000000000000000
0000000000000000000000000000
0000000000000000000000000000
