0000000000000000000000000000
0000000000000000000000000000
0000000000000000000000000000
0000000000000000000000000000
0000000000000000011111110000
0000000001000001111111110000
0000000001000001111111111000
0000000000000011111111111000
0000000000011111100111110000
0000000000011111100111110000
0000000001111111001111110000
0000000001111110001111100000
0000000111111100111111100000
0000000111111001111111100000
0000001111111000111111100000
0000001111100001111100000000
0000001111100001111100000000
0000001111101111111100000000
0000011111011111110000000000
0000011111111111100000000000
0000011111111111000000000000
0000011111111110000000000000
0000011111111100000000000000
0000001111110000000000000000
0000000000000000000000000000
0000000000000000000000000000
0000000000000000000000000000
0000000000000000000000000000
