0000000000000000000000000000
0000000000000000000000000000
0000000000000000000000000000
0000000000000000000000000000
0000000000000000000000000000
0000000000001111110000000000
0000000000011111110000000000
0000000000011111111100000000
0000000000111111111111000000
0000000000111111111111100000
0000000001111111111111110000
0000000011111111101111110000
0000000011111110001111110000
0000000111111110001111110000
0000000111111100001111110000
0000000111111000001111110000
0000000111111000011111110000
0000001111110000111111100000
0000001111110001111111000000
0000000111110001111111000000
0000000111110111111110000000
0000000011111111111100000000
0000000000111111110000000000
0000000001111111110000000000
0000000000111111100000000000
0000000000000000000000000000
0000000000000000000000000000
0000000000000000000000000000
