0000000000000000000000000000
0000000000000000000000000000
0000000000000000000000000000
0000000000000000000000000000
0000000000000111100000000000
0000000000001111111000000000
0000000000011111111000000000
0000000000111111111100000000
0000000001111111011100000000
0000000001111000011100000000
0000000011110000001110000000
0000000011100000001110000000
0000000011100000001110000000
0000000011100000001111000000
0000000011100000000111000000
0000000011100000000111000000
0000000011100000000111000000
0000000011100000001111000000
0000000011100000001110000000
0000000011110000011110000000
0000000001111000111100000000
0000000001111111111100000000
0000000000111111111000000000
0000000000011111111000000000
0000000000000000000000000000
0000000000000000000000000000
0000000000000000000000000000
0000000000000000000000000000
