0000000000000000000000000000
0000000000000000000000000000
0000000000000000000000000000
0000000000000000000000000000
0000000000011111110000000000
0000000000111111111000000000
0000000001111111111000000000
0000000001111111111100000000
0000000011111000111100000000
0000000011110000011110000000
0000000111110000011110000000
0000000111100000001111000000
0000000111100000001111000000
0000000111100000001111100000
0000000111000000000111100000
0000000111000000000111100000
0000000111000000000111100000
0000000111100000000111100000
0000000111100000001111100000
0000000111110000111111000000
0000000111111101111111000000
0000000011111111111110000000
0000000001111111111000000000
0000000000111111110000000000
0000000000000000000000000000
0000000000000000000000000000
0000000000000000000000000000
0000000000000000000000000000
