0000000000000000000000000000
0000000000000000000000000000
0000000000000000000000000000
0000000001000111000000000000
0000000001001111000000000000
0000000000011111000000000000
0000000000111111110000000000
0000000000111111111000000000
0000000000111111111100000000
0000000001111100111110000000
0000000001111000011110000000
0000000001111000001111000000
0000000001111000001111000000
0000000011110000000111000000
0000000011110000001111000000
0000000011110000001111000000
0000000011110000001111000000
0000000011110000001111000000
0000001111110000011111000000
0000000001111101111110000000
0000000001111111111100000000
0000000001111111111100000000
0000000000011111111000000000
0000000000000000000000000000
0000000000000000000000000000
0000000000000000000000000000
0000000000000000000000000000
0000000000000000000000000000
