0000000000000000000000000000
0000000000000000000000000000
0000000000000000000000000000
0000000000000000000000000000
0000000000000000000000000000
0000000000000000011111000000
0000000000000000111111110000
0000000000000001111111110000
0000000000000001111110110000
0000000000000011111110110000
0000000000011111111110110000
0000000001111111101100110000
0000000111111100000001110000
0000001111100000000001110000
0000011110000000000011100000
0000111100000000000011100000
0000111000000000000111000000
0000111000000000001111000000
0000110000000000011110000000
0000111000000000111100000000
0000111100000111111000000000
0000111111111111110000000000
0000011111111111100000000000
0000000111111100000000000000
0000000000000000000000000000
0000000000000000000000000000
0000000000000000000000000000
0000000000000000000000000000
