0000000000000000000000000000
0000000000000000000000000000
0000000000000000000000000000
0000000000000000000000000000
0000000000000000000000000000
0000000000000111100000000000
0000000000011111111100000000
0000000000011111111100000000
0000000000111111111110000000
0000000000111111111110000000
0000000000111101111111000000
0000000001111000101111000000
0000000001111000001111000000
0000000001110000001111000000
0000000011110000000111000000
0000000011110000001111000000
0000000011110000001111000000
0000000011110000011110000000
0000000011110000111100000000
0000000011110001111100000000
0000000011110111111000000000
0000000011110111110000000000
0000000001111111100000000000
0000000001111111100000000000
0000000000111111000000000000
0000000000000000000000000000
0000000000000000000000000000
0000000000000000000000000000
