0000000000000000000000000000
0000000000000000000000000000
0000000000000000000000000000
0000000000000000000000000000
0000000000001110000000000000
0000000000001111111000000000
0000000000011111111110000000
0000000000011111111110000000
0000000000111111111110000000
0000000000111111001111000000
0000000001111110001111000000
0000000001111110011111000000
0000000001111100011111000000
0000000001111100011111000000
0000000001111000011111000000
0000000011111000011111000000
0000000011111000111111000000
0000000011111000111110000000
0000000011110001111110000000
0000000011110011111110000000
0000000011111111111100000000
0000000011111111111100000000
0000000001111111110000000000
0000000001111111100000000000
0000000000000000000000000000
0000000000000000000000000000
0000000000000000000000000000
0000000000000000000000000000
