0000000000000000000000000000
0000000000000000000000000000
0000000000000000000000000000
0000000000000000000000000000
0000000000000000000000000000
0000000000000011111100000000
0000000000011111111110000000
0000000000111111111111000000
0000000001111111111111000000
0000000001111111111111000000
0000000011111111111111000000
0000000011111111101111000000
0000000011111110011111000000
0000000011111100011110000000
0000000011111000011110000000
0000000011110000111110000000
0000000111100000111100000000
0000000111100001111100000000
0000000111100001111100000000
0000000011100011111000000000
0000000011111111110000000000
0000000011111111110000000000
0000000001111111100000000000
0000000001111111000000000000
0000000000111110000000000000
0000000000000000000000000000
0000000000000000000000000000
0000000000000000000000000000
