0000000000000000000000000000
0000000000000000000000000000
0000000000000000000000000000
0000000000000000000000000000
0000000000000000000000000000
0000000000000000000111000000
0000000000000011111111110000
0000000000001111111111110000
0000000001111111110001110000
0000000111111100000001110000
0000001111111100000001110000
0000011111111000000011110000
0000111110000000000011110000
0000111100000000000011110000
0000111100000000000111100000
0000111000000000000111100000
0000111000000000001111000000
0000111100000000011111000000
0000111111100001111110000000
0000011111111111111110000000
0000011111111111111100000000
0000000011111111110000000000
0000000000000000000000000000
0000000000000000000000000000
0000000000000000000000000000
0000000000000000000000000000
0000000000000000000000000000
0000000000000000000000000000
