0000000000000000000000000000
0000000000000000000000000000
0000000000000000000000000000
0000000000000000000000000000
0000000000000000011110000000
0000000000000000011110000000
0000000000000001111110000000
0000000000000011111110000000
0000000000000111111110000000
0000000000001111101110000000
0000000000001111111110000000
0000000000111110011110000000
0000000001111110011110000000
0000000001111100011110000000
0000000011111000011110000000
0000000011110000111100000000
0000000111100001111100000000
0000000111100011111000000000
0000000110000111111000000000
0000000110011111110000000000
0000001111111111100000000000
0000000111111111000000000000
0000000111111100000000000000
0000000111111000000000000000
0000000000000000000000000000
0000000000000000000000000000
0000000000000000000000000000
0000000000000000000000000000
