0000000000000000000000000000
0000000000000000000000000000
0000000000000000000000000000
0000000000000000000000000000
0000000000000000000000000000
0000000000000000011111100000
0000000000000000111111110000
0000000000001111111111111000
0000000000011111110001111000
0000000000111111110001111000
0000000000111111100001111000
0000000001111111000001111000
0000000011111111000001110000
0000000111111111000011110000
0000000111100111100011100000
0000000111100111111111100000
0000001111000011111111000000
0000001111000000111111000000
0000001111000000111110000000
0000011110000001111100000000
0000011110000011111000000000
0000011110000111110000000000
0000011110111111100000000000
0000011111111111000000000000
0000001111111110000000000000
0000000000000000000000000000
0000000000000000000000000000
0000000000000000000000000000
