0000000000000000000000000000
0000000000000000000000000000
0000000000000000000000000000
0000000000000000000000000000
0000000000001111110000000000
0000000000011111111000000000
0000000000011111111100000000
0000000000111111111100000000
0000000000111110111110000000
0000000001111110011110000000
0000000001111100001111000000
0000000011111000000111000000
0000000011110000000111000000
0000000011110000000111000000
0000000011100000001111000000
0000000011100000001111000000
0000000011100000011110000000
0000000011000000011110000000
0000000011000000111110000000
0000000011110011111110000000
0000000011111111111100000000
0000000001111111111100000000
0000000001111111110000000000
0000000000111111100000000000
0000000000000000000000000000
0000000000000000000000000000
0000000000000000000000000000
0000000000000000000000000000
