0000000000000000000000000000
0000000000000000000000000000
0000000000000000000000000000
0000000000000000000000000000
0000000000000000000000000000
0000000011111111000000000000
0000000111111111110000000000
0000000111111111111000000000
0000000111000000111100000000
0000000111000000011110000000
0000001110000000001110000000
0000001110000000001111000000
0000001110000000000111100000
0000001110000000000011100000
0000001110000000000001110000
0000001110000000000001110000
0000001110000000000001110000
0000001110000000000001110000
0000001110000000000001110000
0000000110000000000001110000
0000000111000000000011100000
0000000011100000001111000000
0000000011110000111110000000
0000000011111111111100000000
0000000000111111110000000000
0000000000000000000000000000
0000000000000000000000000000
0000000000000000000000000000
