0000000000000000000000000000
0000000000000000000000000000
0000000000000000000000000000
0000000000000000000000000000
0000000000000011110000000000
0000000000011111111000000000
0000000000111111111000000000
0000000000111111111110000000
0000000001111111111110000000
0000000001111011101111000000
0000000011110001101111000000
0000000011110001000111100000
0000000011110000000111100000
0000000111100000000111100000
0000000111100000000111100000
0000000111100000000111100000
0000000111100000000111100000
0000000111100000001111100000
0000000111100000011111000000
0000000111110000111111000000
0000000011111111111100000000
0000000011111111111100000000
0000000001111111110000000000
0000000000011110000000000000
0000000000000000000000000000
0000000000000000000000000000
0000000000000000000000000000
0000000000000000000000000000
