0000000000000000000000000000
0000000000000000000000000000
0000000000001100000000000000
0000000000000100000000000000
0000000000000000000000000000
0000000000000000001000000000
0000000000000000111100000000
0000000000000001111110000000
0000000000000011111110000000
0000000000000111111111000000
0000000000011111110111100000
0000000000111111100111100000
0000000001111110000011100000
0000000011111100000011110000
0000000111111000000111110000
0000001111110000001111100000
0000001111100000111111000000
0000001111000011111110000000
0000001110001111111100000000
0000001111111111110000000000
0000001111111111000000000000
0000000111111100000000000000
0000000000000000000000000000
0000000000000000000000000000
0000000000000000000000000000
0000000000000000000000000000
0000000000000000000000000000
0000000000000000000000000000
