0000000000000000000000000000
0000000000000000000000000000
0000000000000000000000000000
0000000000000000000000000000
0000000000000001111000000000
0000000000000011111100000000
0000000000000111111110000000
0000000000001111011111000000
0000000000011110000111100000
0000000000111100000011110000
0000000001111000000001110000
0000000001110000000000111000
0000000011100000000000111000
0000000111100000000000011000
0000001111000000000000111000
0000001110000000000000111000
0000011100000000000011110000
0000011100000000000111110000
0000011000000000011111100000
0000011000000000111110000000
0000011100000111111100000000
0000011111111111110000000000
0000011111111111000000000000
0000000111111000000000000000
0000000000000000000000000000
0000000000000000000000000000
0000000000000000000000000000
0000000000000000000000000000
