0000000000000000000000000000
0000000000000000000000000000
0000000000000000000000000000
0000000000000000000000000000
0000000000000000000000000000
0000000000000000111111110000
0000000000000011111111110000
0000000000001111111111111000
0000000000001111111101111000
0000000000011111111101111000
0000000000011111110001110000
0000000000011111100011110000
0000000000011111000011110000
0000000000111110000011110000
0000000001111100000011100000
0000000011111000001111100000
0000000111111000001111000000
0000001111110000011111000000
0000011111100000111100000000
0000011111000001111100000000
0000011110000111110000000000
0000011110011111100000000000
0000011111111111100000000000
0000011111111110000000000000
0000011111111100000000000000
0000000000000000000000000000
0000000000000000000000000000
0000000000000000000000000000
