0000000000000000000000000000
0000000000000000000000000000
0000000000000000000000000000
0000000000000000000000000000
0000000000000000111110000000
0000000000000001111110000000
0000000000000001111110000000
0000000000000001111111000000
0000000000000011111111000000
0000000000001111111111000000
0000000000001111101111000000
0000000000011111001110000000
0000000000011110001110000000
0000000001111100011100000000
0000000001111000111100000000
0000000011110000111100000000
0000000111100001111100000000
0000000111000011111000000000
0000001111001111111000000000
0000001111011111111000000000
0000001111111111100000000000
0000001111111110000000000000
0000001111111110000000000000
0000000111111000000000000000
0000000000000000000000000000
0000000000000000000000000000
0000000000000000000000000000
0000000000000000000000000000
