0000000000000000000000000000
0000000000000000000000000000
0000000000000000000000000000
0000000000000000000000000000
0000000000000000000000000000
0000000000000000000000000000
0000000000000000000000000000
0000000000000011110000000000
0000000000001111111110000000
0000000000011111111111100000
0000000001111111111111110000
0000000011111110000001110000
0000000111100000000001110000
0000001111000000000000110000
0000011110000000000001110000
0000011100000000000001110000
0000111000000000000001110000
0000110000000000000011100000
0000110000000000011111100000
0000110000000001111100000000
0000111000011111110000000000
0000011111111111000000000000
0000001111111000000000000000
0000000000000000000000000000
0000000000000000000000000000
0000000000000000000000000000
0000000000000000000000000000
0000000000000000000000000000
