0000000000000000000000000000
0000000000000000000000000000
0000000000000000000000000000
0000000000000000000000000000
0000000000000000000000000000
0000000000000001111000000000
0000000000000111111100000000
0000000000011111111111000000
0000000000011111111111000000
0000000000111111111111110000
0000000011111111111111110000
0000000011111111111111111000
0000000111111111111111111000
0000001111110011110001111000
0000001111110001110001111000
0000011111000000001111111000
0000011111000001111111111000
0000011111111111111111110000
0000011111111111111111000000
0000011111111111111100000000
0000001111111111110000000000
0000000111111100000000000000
0000000000000000000000000000
0000000000000000000000000000
0000000000000000000000000000
0000000000000000000000000000
0000000000000000000000000000
0000000000000000000000000000
