0000000000000000000000000000
0000000000000000000000000000
0000000000000000000000000000
0000000000000000000000000000
0000000000000000000000000000
0000000000000111111100000000
0000000000011111111100000000
0000000000011111111100000000
0000000001111111011110000000
0000000001111110001110000000
0000000000111110001110000000
0000000000111100001110000000
0000000001111000001110000000
0000000001111000001110000000
0000000011110000001110000000
0000000011110000001110000000
0000000011100000001110000000
0000000111100000001110000000
0000000111110000001100000000
0000000011110000011100000000
0000000000111000011100000000
0000000000111000011100000000
0000000000011111111100000000
0000000000011111111000000000
0000000000000111111000000000
0000000000000000000000000000
0000000000000000000000000000
0000000000000000000000000000
