0000000000000000000000000000
0000000000000000000000000000
0000000000000000000000000000
0000000000000000000000000000
0000000000000000001111100000
0000000000000001111111100000
0000000000000011111111100000
0000000000001111111111100000
0000000000011111111111100000
0000000000011111111111100000
0000000001111111001111100000
0000000011111110001111000000
0000000011111100011111000000
0000000111111000011111000000
0000000111110000011110000000
0000001111100000111110000000
0000011111000001111110000000
0000111111000011111110000000
0000111110000111111100000000
0000111110111111111100000000
0001111111111111110000000000
0001111111111111100000000000
0000111111111110000000000000
0000111111110000000000000000
0000000000000000000000000000
0000000000000000000000000000
0000000000000000000000000000
0000000000000000000000000000
