0000000000000000000000000000
0000000000000000000000000000
0000000000000000000000000000
0000000000000000000000000000
0000000000000011101111000000
0000000000000111111111100000
0000000000000111111111100000
0000000000011111111111100000
0000000001111111111111100000
0000000001111111100011110000
0000000011111111000011110000
0000000011111100000001110000
0000001111111100000011110000
0000001111110000000011110000
0000011111000000001111110000
0000011111000000001111100000
0000111110000000111111100000
0000111100000001111111100000
0000111111111111111111100000
0000111111111111111110000000
0000111111111111111100000000
0000111111111111111000000000
0000111111111111000000000000
0000111111110000000000000000
0000000000000000000000000000
0000000000000000000000000000
0000000000000000000000000000
0000000000000000000000000000
