0000000000000000000000000000
0000000000000000000000000000
0000000000000000000000000000
0000000000000000000000000000
0000000000111111000000000000
0000000000111111111000000000
0000000100111111111110000000
0000001110000011111111000000
0000011110000000111111000000
0000011110000000011111100000
0000011110000000000111100000
0000011100000000000111100000
0000011100000000000011100000
0000011100000000000011100000
0000011100000000000011100000
0000011100000000000011100000
0000011100000000000111100000
0000011110000000001111100000
0000011111000000011111000000
0000011111100000111111000000
0000001111110011111100000000
0000000111111111111100000000
0000000011111111110000000000
0000000000011111110000000000
0000000000000000000000000000
0000000000000000000000000000
0000000000000000000000000000
0000000000000000000000000000
