0000000000000000000000000000
0000000000000000000000000000
0000000000000000000000000000
0000000000000000000000000000
0000000000000000000000000000
0000000000111111111100000000
0000000000111111111111000000
0000000001111111111111000000
0000000011111111111111000000
0000000011111111111111000000
0000001111111111101111100000
0000001111111111001111100000
0000001111111110001111100000
0000011111111100001111100000
0000011111011000001111100000
0000011110000000011111011000
0000011110000000111111011000
0000011110000000111111011000
0000011110000011111110011000
0000011110000111111100011000
0000001111111111111100011000
0000001111111111111000011000
0000001111111111110000011000
0000000111111111100000011000
0000000011111110000000000000
0000000000000000000000000000
0000000000000000000000000000
0000000000000000000000000000
