0000000000000000000000000000
0000000000000000000000000000
0000000000000000000000000000
0000000000000000000000000000
0000000000000000000000000000
0000000000000001111111000000
0000000000000011111111000000
0000000000000011111111000000
0000000000000011111111000000
0000000000000111111111000000
0000000000000111110111000000
0000000000001111100110000000
0000000000011111000110000000
0000000000011110001110000000
0000000000111100001110000000
0000000011111100011100000000
0000000011111100111100000000
0000000111101100111000000000
0000000111100001110000000000
0000000111000011100000000000
0000001110000111100000000000
0000001110001111000000000000
0000001111111110000000000000
0000001111111100000000000000
0000000111111000000000000000
0000000000000000000000000000
0000000000000000000000000000
0000000000000000000000000000
