0000000000000000000000000000
0000000000000000000000000000
0000000000000000000000000000
0000000000000000000000000000
0000000000000000000000000000
0000000000000000000000000000
0000000000000000000000000000
0000000000000001111111000000
0000000000001111111111110000
0000000000011111111111111000
0000000001111111000111111000
0000000011111110000000111000
0000000111111000000000111000
0000001111110000000001111000
0000001111000000000001111000
0000011111000000000111111000
0000011110000000011111100000
0000011100000011111111100000
0000011111111111111110000000
0000011111111111111000000000
0000001111111110000000000000
0000000000000000000000000000
0000000000000000000000000000
0000000000000000000000000000
0000000000000000000000000000
0000000000000000000000000000
0000000000000000000000000000
0000000000000000000000000000
