0000000000000000000000000000
0000000000000000000000000000
0000000000000000000000000000
0000000000000000000000000000
0000000000000011111000000000
0000000000000111111100000000
0000000000001111111100000000
0000000000011110111110000000
0000000000111100111111000000
0000000001111000001111000000
0000000011110000000111100000
0000000111110000000011110000
0000000111100000000001110000
0000001110000000000000110000
0000001110000000000000111000
0000001110000000000001110000
0000011110000000000001110000
0000011110000000000001110000
0000001110000000000111110000
0000001110000000001111100000
0000000111000000111111000000
0000000111111111111110000000
0000000011111111111000000000
0000000001111111000000000000
0000000000000000000000000000
0000000000000000000000000000
0000000000000000000000000000
0000000000000000000000000000
