0000000000000000000000000000
0000000000000000000000000000
0000000000000000000000000000
0000000000000000000000000000
0000000000000000000000000000
0000000000001111111100000000
0000000000111111111110000000
0000000000111111111110000000
0000000001111111111110000000
0000000001111111111110000000
0000000001111110001110000000
0000000001111110001110000000
0000000011111110001110000000
0000000011110000001110000000
0000000111110000001110000000
0000000111110000001110000000
0000000111110000011110000000
0000000111110000111110000000
0000000111100000111110000000
0000000111100011111100000000
0000000111110011111000000000
0000000111111111111000000000
0000000011111111100000000000
0000000011111111000000000000
0000000001111110000000000000
0000000000000000000000000000
0000000000000000000000000000
0000000000000000000000000000
