0000000000000000000000000000
0000000000000000000000000000
0000000000000000000000000000
0000000000000000000000000000
0000000000000000000000000000
0000000001111111111000000000
0000000001111111111100000000
0000000011111101111110000000
0000000011111000111110000000
0000000111111000011111000000
0000000111110000011111000000
0000001111100000001111000000
0000001111100000001111000000
0000001111000000001111100000
0000001111000000001111100000
0000011111000000001111100000
0000011111000000001111000000
0000011111000000001111000000
0000011111000000001111000000
0000011111000000011111000000
0000011111000000011111000000
0000001111100000111111000000
0000000111111101111110000000
0000000001111111111100000000
0000000000111111111000000000
0000000000000000000000000000
0000000000000000000000000000
0000000000000000000000000000
