0000000000000000000000000000
0000000000000000000000000000
0000000000000000000000000000
0000000000000000000000000000
0000000000001111000000000000
0000000001111111100000000000
0000000011111011110000000000
0000000011111001111000000000
0000000111100001111000000000
0000000111100000111100000000
0000000111000000011110000000
0000000111000000001110000000
0000000110000000000111000000
0000000110000000000111100000
0000001110000000000011100000
0000000111000000000001110000
0000000111100000000001110000
0000000111100000000001110000
0000000011110000000001110000
0000000001111000000011100000
0000000000111100000111100000
0000000000011111001111000000
0000000000001111111110000000
0000000000000111111100000000
0000000000000000000000000000
0000000000000000000000000000
0000000000000000000000000000
0000000000000000000000000000
