0000000000000000000000000000
0000000000000000000000000000
0000000000000000000000000000
0000000000000000000000000000
0000000000000011111100000000
0000000000000111111110000000
0000000000001111111110000000
0000000000011111011110000000
0000000000111111001111000000
0000000000111110000111100000
0000000001111000000111100000
0000000011111000000011100000
0000000011110000000011100000
0000000111100000000011100000
0000000111100000000011100000
0000000111000000000011100000
0000000111000000000011100000
0000000110000000000011100000
0000000111000000001111100000
0000000111000000111111000000
0000000111111111111111000000
0000000111111111111110000000
0000000111111111111100000000
0000000011111111110000000000
0000000000000000000000000000
0000000000000000000000000000
0000000000000000000000000000
0000000000000000000000000000
