0000000000000000000000000000
0000000000000000000000000000
0000000000000000000000000000
0000000000000000000000000000
0000000000000011110000000000
0000000000000111111000000000
0000000000001111111100000000
0000000000011111111100000000
0000000000111111111111000000
0000000000111111011111000000
0000000001111110001111000000
0000000001111100001111000000
0000000001111000001111000000
0000000011110000001111000000
0000000011110000011111000000
0000000111110000011111000000
0000001111100000111110000000
0000001111100011111100000000
0000001111000111111100000000
0000001111011111111000000000
0000001111111111110000000000
0000000111111111100000000000
0000000011111110000000000000
0000000011111100000000000000
0000000000000000000000000000
0000000000000000000000000000
0000000000000000000000000000
0000000000000000000000000000
