0000000000000000000000000000
0000000000000000000000000000
0000000000000000000000000000
0000000000000000000000000000
0000000000000000000000000000
0000000000001111110000000000
0000000000011111111000000000
0000000000111111111100000000
0000000000111111111100000000
0000000001111100111111000000
0000000011111000011111100000
0000000011110000000111100000
0000000011100000000111110000
0000000111100000000011110000
0000000111100000000001110000
0000000111100000000001110000
0000000111100000000001111000
0000000111100000000000111000
0000000111000000000001110000
0000000111000000000001110000
0000000111000000000001110000
0000000111100000000011110000
0000000111100000000111110000
0000000111110000000111100000
0000000011110000001111000000
0000000000000000000000000000
0000000000000000000000000000
0000000000000000000000000000
