0000000000000000000000000000
0000000000000000000000000000
0000000000000000000000000000
0000000000000011100000000000
0000000000000111110000000000
0000000000000111111110000000
0000000000000011111110000000
0000000000000011111111000000
0000000000001111111111000000
0000000000011111111110000000
0000000000011111111110000000
0000000011111100011110000000
0000000111110000011110000000
0000001111100000011110000000
0000011110000000001110000000
0000011100000000001110000000
0000111100000000001110000000
0001111100000000011110000000
0001111100000000011110000000
0001111111011101111110000000
0000011111111111111100000000
0000011111111111111000000000
0000011111111111110000000000
0000000000000000000000000000
0000000000000000000000000000
0000000000000000000000000000
0000000000000000000000000000
0000000000000000000000000000
