0000000000000000000000000000
0000000000000000000000000000
0000000000000000000000000000
0000000000000000000000000000
0000000000111110000000000000
0000000000111111100000000000
0000000011011111110000000000
0000000111000011111000000000
0000000111000001111100000000
0000000111000000011100000000
0000000110000000011110000000
0000001110000000001111000000
0000001110000000000111000000
0000001110000000000111100000
0000001110000000000011100000
0000001110000000000011100000
0000001110000000000011100000
0000001110000000000011100000
0000001111000000000011100000
0000000111000000000111100000
0000000111100000001111000000
0000000011111111111110000000
0000000001111111111100000000
0000000000111111111000000000
0000000000000000000000000000
0000000000000000000000000000
0000000000000000000000000000
0000000000000000000000000000
