0000000000000000000000000000
0000000000000000000000000000
0000000000000000000000000000
0000000000000000000000000000
0000000000000000111111000000
0000000000000011111111000000
0000000000000111111111100000
0000000000001111111111100000
0000000000011111111111100000
0000000000111111101111110000
0000000001111111001111110000
0000000011111110001111110000
0000000111111100001111110000
0000001111111000001111110000
0000011111110000001111110000
0000111111100000001111100000
0000111111000000011111100000
0000111110000000111111000000
0000111100000011111111000000
0000111111111111111110000000
0000111111111111111100000000
0000111111111111110000000000
0000111111111110000000000000
0000111111111100000000000000
0000000000000000000000000000
0000000000000000000000000000
0000000000000000000000000000
0000000000000000000000000000
