0000000000000000000000000000
0000000000000000000000000000
0000000000000000000000000000
0000000000000000000000000000
0000000000000000000000000000
0000000000111111110000000000
0000000011111111111100000000
0000000111111111111110000000
0000001111111111111110000000
0000001111000011111111000000
0000001110000001111111000000
0000011110000111110111100000
0000011100001111110111100000
0000011111111111100111100000
0000011111111111000111100000
0000011110111100000111100000
0000011110000000000111100000
0000001110000000001111000000
0000001111000000001111000000
0000001111000000011110000000
0000000111100000111110000000
0000000111110001111100000000
0000000001111111111100000000
0000000000111111111000000000
0000000000111111100000000000
0000000000000000000000000000
0000000000000000000000000000
0000000000000000000000000000
