0000000000000000000000000000
0000000000000000000000000000
0000000000000000000000000000
0000000000000000000000000000
0000000000000000000000000000
0000000000001111111000000000
0000000001111111111100000000
0000000111111111111111000000
0000001111111111111111100000
0000001111111111111111100000
0000011111000111001111100000
0000111111000000001111110000
0000111111000000000111110000
0000111110000000000011110000
0000111110000000000011110000
0000111110000000000011110000
0000111110000000000111110000
0000111111000000001111110000
0000111111111111111111100000
0000111111111111111111100000
0000011111111111111111000000
0000001111111111111100000000
0000000001111111100000000000
0000000000000000000000000000
0000000000000000000000000000
0000000000000000000000000000
0000000000000000000000000000
0000000000000000000000000000
