0000000000000000000000000000
0000000000000000000000000000
0000000000000000000000000000
0000000000000000000000000000
0000000000000000000000000000
0000000000000011111100000000
0000000000000111111110000000
0000000000011111111110000000
0000000000011110001111000000
0000000000111111001111000000
0000000000111111101111000000
0000000001111001101111000000
0000000001110000001111000000
0000000011110000001110000000
0000000011100000001110000000
0000000111100000001110000000
0000000111100000011110000000
0000000111000000011100000000
0000000111000000111000000000
0000000111000001111000000000
0000001111000011110000000000
0000000111000111110000000000
0000000111011111100000000000
0000000111111111000000000000
0000000011111100000000000000
0000000000000000000000000000
0000000000000000000000000000
0000000000000000000000000000
