0000000000000000000000000000
0000000000000000000000000000
0000000000000000000000000000
0000000000000000000000000000
0000000000000000111000000000
0000000000000001111110000000
0000000000000001111111000000
0000000000000011111111000000
0000000000001111111111000000
0000000000001111100111000000
0000000000011111100111100000
0000000001111111000011100000
0000000001111110000011100000
0000000001111000000111000000
0000000011100000000111000000
0000000011100000001111000000
0000000111100000001111000000
0000000111000000011111000000
0000000111000001111000000000
0000000111000001110000000000
0000000111011111100000000000
0000000111111111100000000000
0000000111111111100000000000
0000000011111100000000000000
0000000000000000000000000000
0000000000000000000000000000
0000000000000000000000000000
0000000000000000000000000000
