0000000000000000000000000000
0000000000000000000000000000
0000000000000000000000000000
0000000000000000000000000000
0000000000000111100000001000
0000000000001111111000001000
0000000000011111111100001000
0000000000111111111110001000
0000000001111111111110001000
0000000001111111111111001000
0000000011111110011111000000
0000000111111100001111100000
0000001111111000000111100000
0000001111110000000011100000
0000011111100000000011101000
0000011111000000000011101000
0000011111000000000111101000
0000011110000000011111101000
0000011111111111111111101000
0000011111111111111111101000
0000011111111111111111001000
0000001111111111111110001000
0000000111111111111000000000
0000000000000000000000000000
0000000000000000000000000000
0000000000000000000000000000
0000000000000000000000000000
0000000000000000000000000000
