0000000000000000000000000000
0000000000000000000000000000
0000000000000000000000000000
0000000000000000000000000000
0000000000001111110000000000
0000000000011111110000000000
0000000000111111111000000000
0000000001111001111000000000
0000000001111000111100000000
0000000011110000111100000000
0000000011110000011110000000
0000000011100000011110000000
0000000111100000011110000000
0000000111000000001110000000
0000000111000000001110000000
0000000111000000001110000000
0000000111000000001110000000
0000000111000000001110000000
0000000111000000011110000000
0000000111000000111110000000
0000000111100001111100000000
0000000011111111111000000000
0000000001111111110000000000
0000000000111111000000000000
0000000000000000000000000000
0000000000000000000000000000
0000000000000000000000000000
0000000000000000000000000000
