0000000000000000000000000000
0000000000000000000000000000
0000000000000000000000000000
0000000000000000000000000000
0000000000000000000000000000
0000000000011001100000000000
0000000001111111111000000000
0000000111111111111110000000
0000001111111110111111000000
0000001111101110001111100000
0000011111001110000011110000
0000011110000110000011110000
0000011100000000000001111000
0000011100000000000000111000
0000011000000000000000111000
0000011100000000000000011000
0000011100000000000000011000
0000011110000000000000011000
0000011110000000000000011000
0000011110000000000000111000
0000001111100000000111111000
0000000111111111111111110000
0000000011111111111111000000
0000000000111111111000000000
0000000000000000000000000000
0000000000000000000000000000
0000000000000000000000000000
0000000000000000000000000000
