0000000000000000000000000000
0000000000000000000000000000
0000000000000000000000000000
0000000000000000000000000000
0000000000000000000000000000
0000000000000001111100000000
0000000000000111111110000000
0000000000011111111110000000
0000000001111111111111100000
0000000011111111111111100000
0000000111111100111111100000
0000001111110011110011110000
0000011111000011100011110000
0000011110000011000011110000
0000111110000000000011110000
0000111100000000000011110000
0000111100000000000111110000
0000111000000000011111110000
0000111000000000111111110000
0000111111111111111111000000
0000111111111111111110000000
0000011111111111111000000000
0000000111111111000000000000
0000000000000000000000000000
0000000000000000000000000000
0000000000000000000000000000
0000000000000000000000000000
0000000000000000000000000000
