0000000000000000000000000000
0000000000000000000000000000
0000000000000000000000000000
0000000000000000000000000000
0000000000000000000000000000
0000000000111111000000000000
0000000001111111111000000000
0000000011111111111100000000
0000000011110001111110000000
0000000011110000011110000000
0000000011110000001110000000
0000000011110000001111000000
0000000011110000000111000000
0000000011100000000111000000
0000000011100000000111000000
0000000011100000000111000000
0000000011100000000111000000
0000000011110000001111000000
0000000011110000001111000000
0000000011110000011110000000
0000000011111000011110000000
0000000011111100111110000000
0000000001111111111100000000
0000000000111111111000000000
0000000000011111110000000000
0000000000000000000000000000
0000000000000000000000000000
0000000000000000000000000000
