0000000000000000000000000000
0000000000000000000000000000
0000000000000000000000000000
0000000000000000011110000000
0000000000000000011110000000
0000000000000001111100000000
0000000000000011111100000000
0000000000000111111100000000
0000000000000111111100000000
0000000000001111111110000000
0000000000011111111110000000
0000000000011111111110000000
0000000001111110011110000000
0000000011111100011110000000
0000000111111000111110000000
0000000111110000111110000000
0000000111100000111110000000
0000001111000001111110000000
0000001111000111111100000000
0000001111111111111100000000
0000001111111111110000000000
0000001111111111100000000000
0000000111111110000000000000
0000000000000000000000000000
0000000000000000000000000000
0000000000000000000000000000
0000000000000000000000000000
0000000000000000000000000000
