0000000000000000000000000000
0000000000000000000000000000
0000000000000000000000000000
0000000000000000000000000000
0000000000000000111111100000
0000000000000011111111100000
0000000000000111111111110000
0000000000011111111111110000
0000000000011111111111110000
0000000000111111100111110000
0000000001111111000111100000
0000000001111110000111110000
0000000111111100000111110000
0000000111111000000111110000
0000001111110000001111110000
0000011111100000011111100000
0000011111000000111111100000
0000111111000011111110000000
0000111110001111111100000000
0000111111111111111100000000
0000111111111111110000000000
0000111111111111100000000000
0000111111111110000000000000
0000111111110000000000000000
0000000000000000000000000000
0000000000000000000000000000
0000000000000000000000000000
0000000000000000000000000000
