0000000000000000000000000000
0000000000000000000000000000
0000000000000000000000000000
0000000000000000000000000000
0000000000000000000000000000
0000000000001111111100000000
0000000000111111111110000000
0000000001111111111111000000
0000000011111111111111000000
0000000111111001111111100000
0000001111110001101111100000
0000001111000000000111110000
0000001111000000000011110000
0000011110000000000011110000
0000011110000000000011110000
0000011100000000000111110000
0000111100000000000111110000
0000111100000000000111100000
0000111100000000001111100000
0000111100000000011111000000
0000111100000000111110000000
0000011110000001111100000000
0000011111101111111100000000
0000001111111111110000000000
0000000111111111100000000000
0000000000000000000000000000
0000000000000000000000000000
0000000000000000000000000000
