0000000000000000000000000000
0000000000000000000000000000
0000000000000000000000000000
0000000000000000000000000000
0000000111111000000000000000
0000000111111000000000000000
0000000111110111111111000000
0000000111111111111111100000
0000000111111111111111100000
0000000111100110111111111000
0000011111000000001111111000
0000011111000000000011111000
0000011111000000000011111000
0000011111000000000011111000
0000011111000000000000111000
0000011111000000000001111000
0000011111000000000011111000
0000011111000000000011111000
0000011111100000001111111000
0000011111111111111111110000
0000011111111111111111100000
0000001111111111111111100000
0000000111111111111100000000
0000000001111111111000000000
0000000000000000000000000000
0000000000000000000000000000
0000000000000000000000000000
0000000000000000000000000000
