0000000000000000000000000000
0000000000000000000000000000
0000000000000000000000000000
0000000000000000000000000000
0000000000000000111111000000
0000000000000011111111100000
0000000000001111111111100000
0000000000001111100011110000
0000000000011111000001110000
0000000000111111000000111000
0000000000111111000000111000
0000000001111110000000111000
0000000011110000000000111000
0000000011110000000000111000
0000000111100000000001111000
0000000111000000000001110000
0000001111000000000001110000
0000001111000000000011100000
0000011110000000000011100000
0000011111000000000111000000
0000011111000000001111000000
0000011111000000011110000000
0000011111000011111110000000
0000011111001111111000000000
0000000000000000000000000000
0000000000000000000000000000
0000000000000000000000000000
0000000000000000000000000000
