0000000000000000000000000000
0000000000000000000000000000
0000000000000000000000000000
0000000000000000000000000000
0000000000000011111000000000
0000000000000111111000000000
0000000000001111111000000000
0000000000001111011000000000
0000000000011110011000000000
0000000000011100011000000000
0000000000111000011100000000
0000000000111000011100000000
0000000001110000011100000000
0000000001110000011100000000
0000000011100000011100000000
0000000011100000011100000000
0000000011100000011100000000
0000000011100000011000000000
0000000011100000011000000000
0000000011100000111000000000
0000000011110001110000000000
0000000001111111110000000000
0000000001111111100000000000
0000000000111111000000000000
0000000000000000000000000000
0000000000000000000000000000
0000000000000000000000000000
0000000000000000000000000000
