0000000000000000000000000000
0000000000000000000000000000
0000000000000000000000000000
0000000000000000000000000000
0000000000011111000000000000
0000000000111111100000000000
0000000001111111100000000000
0000000001111001110000000000
0000000011110001111000000000
0000000011100001111100000000
0000000111100011111110000000
0000000111000011101111000000
0000000111000011100111100000
0000000111000011000011100000
0000000110000000000011100000
0000000110000000000011100000
0000000110000000000011100000
0000000110000000000001100000
0000000111000000000011100000
0000000111000000000111100000
0000000111110000000111000000
0000000011111111111111000000
0000000000111111111110000000
0000000000011111111100000000
0000000000000000000000000000
0000000000000000000000000000
0000000000000000000000000000
0000000000000000000000000000
