0000000000000000000000000000
0000000000000000000000000000
0000000000000000000000000000
0000000000001110000000000000
0000000000011111110000000000
0000000000111111111000000000
0000000001111111111110000000
0000000001110000011111000000
0000000011110000001111100000
0000000111100000000111100000
0000001111100000000011110000
0000001111000000000011110000
0000001111000000000001110000
0000001110000000000001110000
0000011110000000000001110000
0000011110000000000001110000
0000011111000000000011110000
0000001111000000000111100000
0000001111100000001111100000
0000001111111111111111000000
0000000111111111111110000000
0000000011111111111100000000
0000000000111111111000000000
0000000000000000000000000000
0000000000000000000000000000
0000000000000000000000000000
0000000000000000000000000000
0000000000000000000000000000
