0000000000000000000000000000
0000000000000000000000000000
0000000000000000000000000000
0000000000000000001110000000
0000000000000000001111000000
0000000000000000011111100000
0000000000000011111111100000
0000000000000111111111100000
0000000000011111111111100000
0000000000111111111111100000
0000000001111111100111100000
0000000111111110000111100000
0000000111111100000111100000
0000001111110000000111100000
0000001111100000000111100000
0000011111000000001111100000
0000011110000000011111000000
0000111100000000111111000000
0000111100000011111110000000
0000111111111111111110000000
0000111111111111111100000000
0000011111111111111000000000
0000001111111111000000000000
0000000000000000000000000000
0000000000000000000000000000
0000000000000000000000000000
0000000000000000000000000000
0000000000000000000000000000
