0000000000000000000000000000
0000000000000000000000000000
0000000000000000000000000000
0000000000000000000000000000
0000000000000011111111000000
0000000000000111111111000000
0000000000000111111111100000
0000000000001111111111100000
0000000000001111111111100000
0000000000001111111111100000
0000000000001111111111100000
0000000000111111110111100000
0000000000111111100111100000
0000000011111111001111100000
0000000011111100001111100000
0000001111111100011111100000
0000011111111011111111000000
0000111111111111111111000000
0001111111111111111110000000
0001111111111111111100000000
0001111111111111110000000000
0001111111111111000000000000
0001111111111000000000000000
0000001111000000000000000000
0000000000000000000000000000
0000000000000000000000000000
0000000000000000000000000000
0000000000000000000000000000
