0000000000000000000000000000
0000000000000000000000000000
0000000000000000000000000000
0000000000000000000000000000
0000000000000000000000000000
0000000000000000111000000000
0000000000000111111100000000
0000000000001111111110000000
0000000000111111111110000000
0000000001111100111110000000
0000000001110000111110000000
0000000011110000111110000000
0000000111100001101110000000
0000000111100000001110000000
0000000111100000000111000000
0000000111000000000111000000
0000000111000000000111000000
0000000111000000000111000000
0000000111000000000111000000
0000000111100000001110000000
0000000011100000011110000000
0000000011110000111100000000
0000000001111111111000000000
0000000001111111100000000000
0000000000111111000000000000
0000000000000000000000000000
0000000000000000000000000000
0000000000000000000000000000
