0000000000000000000000000000
0000000000000000000000000000
0000000000000000000000000000
0000000000000000000000000000
0000000000000011111110000000
0000000000001111111111100000
0000000000011111111111100000
0000000001111111110011110000
0000000011111111000001110000
0000000111111100000001111000
0000000111111000000001111000
0000001111110000000001111000
0000011111110000000001111000
0000011111100000000001111000
0000011111100000000001110000
0000011111100000000011110000
0000011111000000000111110000
0000011111000000001111100000
0000011110000000011111100000
0000011110000001111111000000
0000001111111111111110000000
0000001111111111111100000000
0000001111111111110000000000
0000001111111111000000000000
0000000000000000000000000000
0000000000000000000000000000
0000000000000000000000000000
0000000000000000000000000000
