0000000000000000000000000000
0000000000000000000000000000
0000000000000000000000000000
0000000000000000000000000000
0000000001111111111100000000
0000000111111111111100000000
0000001111111111111111000000
0000001111111101111111100000
0000011111100000011111100000
0000011111000000001111110000
0000011110110000000111110000
0000011111111000000111110000
0000011111111000000011110000
0000011111110000000001111000
0000001111110000000001111000
0000011111100000000011111000
0000011111000000000011111000
0000011111000000000111110000
0000011111000000001111110000
0000011111100000011111110000
0000011111111111111111100000
0000011111111111111111000000
0000001111111111111110000000
0000000111111111111100000000
0000000000000000000000000000
0000000000000000000000000000
0000000000000000000000000000
0000000000000000000000000000
