0000000000000000000000000000
0000000000000000000000000000
0000000000000000000000000000
0000000000000000000000000000
0000000000000111111000000000
0000000000011111111110000000
0000000000111111111111000000
0000000001111111111111100000
0000000011111111111111110000
0000000011111111111111110000
0000000111111100011111111000
0000001111111000011111111000
0000001111111000011011111100
0000001111110000000111111100
0000001111100000000111110000
0000001111110000001111110000
0000001111110000011111100000
0000001111100001111111000000
0000001111111111111111000000
0000001111111111111110000000
0000001111111111111100000000
0000001111111111111000000000
0000001111111111110000000000
0000001111111111110000000000
0000000000000000000000000000
0000000000000000000000000000
0000000000000000000000000000
0000000000000000000000000000
