0000000000000000000000000000
0000000000000000000000000000
0000000000000000000000000000
0000000000000000000000000000
0000000000000000000000000000
0000000000000000000000000000
0000000000011111000000000000
0000000011111111000000000000
0000000111111111110000000000
0000000111111111110000000000
0000001111111111111100000000
0000001111111111111111100000
0000001111111110111111100000
0000001111011111000111111000
0000001111001110000001111000
0000001111000000000001111100
0000001111100000000000111100
0000001111100000000000111100
0000000111111000000000111100
0000000111111100000000111100
0000000011111110011111111000
0000000001111111111111111000
0000000000001111111111110000
0000000000000000000000000000
0000000000000000000000000000
0000000000000000000000000000
0000000000000000000000000000
0000000000000000000000000000
