0000000000000000000000000000
0000000000000000000000000000
0000000000000000000000000000
0000000000000000000000000000
0000000000000000000000000000
0000000000000000001111000000
0000000000000000011111100000
0000000000000011111111111000
0000000000000011111111111000
0000000000011111111111111000
0000000000111111111111111000
0000000001111111111111111000
0000000011111111111110111000
0000000111111111000100111000
0000000111111110000001111000
0000001111111100000011100000
0000011111011100001111100000
0000011110000000001111000000
0000011100000000111110000000
0000011000000011111100000000
0000011100011111111000000000
0000011111111111110000000000
0000011111111111000000000000
0000011111111110000000000000
0000001111111000000000000000
0000000000000000000000000000
0000000000000000000000000000
0000000000000000000000000000
