0000000000000000000000000000
0000000000000000000000000000
0000000000000000000000000000
0000000000000000000000000000
0000000000111111110000000000
0000000001111111110000000000
0000000001111111111100000000
0000000001111111111110000000
0000000001000111111110000000
0000000000111000011111100000
0000000000111000011111100000
0000000001111000011111100000
0000000001110000011111100000
0000000011110000011111100000
0000000011100000011111100000
0000000111100000111111100000
0000000111000001111111000000
0000000111000001111110000000
0000000111000011111100000000
0000000111001111111100000000
0000000111111111111000000000
0000000111111111110000000000
0000000011111111110000000000
0000000001111111000000000000
0000000000000000000000000000
0000000000000000000000000000
0000000000000000000000000000
0000000000000000000000000000
