0000000000000000000000000000
0000000000000000000000000000
0000000000000000000000000000
0000000000000000000000000000
0000000000000000111100000000
0000000000000001111100000000
0000000000000011111100000000
0000000000000111111100000000
0000000000000111111110000000
0000000000011111001110000000
0000000000011110001110000000
0000000001111110000110000000
0000000001111100000110000000
0000000011110000001111000000
0000000111110000001111000000
0000000111100000001110000000
0000000111000000001110000000
0000001111000000011100000000
0000001111000000111100000000
0000001110000001111000000000
0000001111000011111000000000
0000001111111111110000000000
0000000111111111100000000000
0000000011111110000000000000
0000000000000000000000000000
0000000000000000000000000000
0000000000000000000000000000
0000000000000000000000000000
