0000000000000000000000000000
0000000000000000000000000000
0000000000000000000000000000
0000000000000000000000000000
0000000000000011111100000000
0000000000000111111110000000
0000000000001111111111000000
0000000000011111111111100000
0000000000111111111111100000
0000000001111111111111100000
0000000001111111110111100000
0000000011111111100111110000
0000000111111111000111110000
0000000111111111001111100000
0000001111111110001111100000
0000001111111110011111100000
0000001111111110111111100000
0000001111101110111111100000
0000001111100111111111000000
0000001111111111111110000000
0000000111111111111110000000
0000000111111111111100000000
0000000011111111111000000000
0000000000111111100000000000
0000000000000000000000000000
0000000000000000000000000000
0000000000000000000000000000
0000000000000000000000000000
