0000000000000000000000000000
0000000000000000000000000000
0000000000000000000000000000
0000000000000000000000000000
0000000000000000011111000000
0000000000000000111111000000
0000000000000001111111000000
0000000000000011111111000000
0000000000001111111111000000
0000000000001111100111000000
0000000000011111000111000000
0000000000111111000111000000
0000000001111100000111000000
0000000011111100000111000000
0000000011111000000111000000
0000000111110000001111000000
0000001111100000001111000000
0000001111000000011110000000
0000001111000000111110000000
0000001111000001111100000000
0000001111100011111000000000
0000001111111111110000000000
0000000111111111100000000000
0000000011111110000000000000
0000000000000000000000000000
0000000000000000000000000000
0000000000000000000000000000
0000000000000000000000000000
