0000000000000000000000000000
0000000000000000000000000000
0000000000000000000000000000
0000000000000000000000000000
0000010000000000011110000000
0000000000000001111110000000
0000000000000111111111000000
0000000000001111111111000000
0000000000111111110111100000
0000000001111111110011100000
0000000011111100000011100000
0000000011111000000011100000
0000000111110000000011100000
0000001111110000000011100000
0000001111100000000011100000
0000001111000000000011100000
0000011110000000000011100000
0000001110000000000111100000
0000001111000000001111000000
0000001111000000001111000000
0000001111100000111110000000
0000000111111011111100000000
0000000011111111111000000000
0000000001111111100000000000
0000000000000000000000000000
0000000000000000000000000000
0000000000000000000000000000
0000000000000000000000000000
