0000000000000000000000000000
0000000000000000000000000000
0000000000000000000000000000
0000000000000000000000000000
0000000000011111110000000000
0000000000011111111000000000
0000000000111111111100000000
0000000000111111111110000000
0000000000111000011111000000
0000000000111000001111000000
0000000001110000001111000000
0000000011110000001111000000
0000000011110000000111000000
0000000111110000000111000000
0000000111110000000111000000
0000000111100000000111000000
0000000111100000001111000000
0000000111100000001111000000
0000000111100000001111000000
0000000011110000001111000000
0000000011111001111111000000
0000000011111111111110000000
0000000001111111111100000000
0000000000111111110000000000
0000000000000000000000000000
0000000000000000000000000000
0000000000000000000000000000
0000000000000000000000000000
