0000000000000000000000000000
0000000000000000000000000000
0000000000000000000000000000
0000000000000000111000000000
0000000000000000111000000000
0000000000000001111100000000
0000000000000011111100000000
0000000000000111001100000000
0000000000001110001100000000
0000000000011100001100000000
0000000000011100001100000000
0000000000111000001100000000
0000000001110000001100000000
0000000001110000001100000000
0000000011100000001100000000
0000000011100000011100000000
0000000011000000111100000000
0000000011000000111000000000
0000000011000001111000000000
0000000011000011110000000000
0000000011101111100000000000
0000000011111111000000000000
0000000001111100000000000000
0000000000000000000000000000
0000000000000000000000000000
0000000000000000000000000000
0000000000000000000000000000
0000000000000000000000000000
