0000000000000000000000000000
0000000000000000000000000000
0000000000000000000000000000
0000000000000000000000000000
0000000000000011111000000000
0000000000000111111000000000
0000000000001111111000000000
0000000000001111111000000000
0000000000011111111000000000
0000000000111111111100000000
0000000000111111111110000000
0000000001111110011110000000
0000000011111100011110000000
0000000011111100001111000000
0000000011111000001111000000
0000000011110000001111000000
0000000111110000001111000000
0000000111110000011111000000
0000000111110000111111000000
0000000011110001111111000000
0000000011111111111110000000
0000000011111111111100000000
0000000001111111111000000000
0000000000111111110000000000
0000000000000000000000000000
0000000000000000000000000000
0000000000000000000000000000
0000000000000000000000000000
