0000000000000000000000000000
0000000000000000000000000000
0000000000000000000000000000
0000000000000000000000000000
0000000000111111110000000000
0000000000111111111100000000
0000000000110111111111000000
0000000001110110011111000000
0000000001110000111111000000
0000000001100001111111100000
0000000011100001111011100000
0000000011100011110011000000
0000000011100111110011000000
0000000111100111100011000000
0000000111001111000111000000
0000000111011110001111000000
0000000111111110001111000000
0000000111111100011110000000
0000000111111000111100000000
0000000011111000111100000000
0000000011110001111000000000
0000000011110011110000000000
0000000001111111110000000000
0000000001111111100000000000
0000000000000000000000000000
0000000000000000000000000000
0000000000000000000000000000
0000000000000000000000000000
