0000000000000000000000000000
0000000000000000000000000000
0000000000000000000000000000
0000000000000000000000000000
0000000000000000000000000000
0000000000000000011111100000
0000000000000111111111110000
0000000000111111111111111000
0000000001111111111111111000
0000000011111111111111111000
0000001111111111101111111000
0000001111111100000011111000
0000001111111000000111110000
0000001111100000000111110000
0000011111100000000111110000
0000011111000000011111110000
0000011111000000011111110000
0000011111000001111111110000
0000011111000111111111100000
0000011111111111111111000000
0000011111111111111100000000
0000011111111111110000000000
0000001111111111000000000000
0000000111111110000000000000
0000000000000000000000000000
0000000000000000000000000000
0000000000000000000000000000
0000000000000000000000000000
