0000000000000000000000000000
0000000000000000000000000000
0000000000000000000000000000
0000000000000000000000000000
0000000000001110000000000000
0000000000011110000000000000
0000000000011111100000000000
0000000000011111110000000000
0000000000110000111000000000
0000000001110000011100000000
0000000001110000001100000000
0000000001100000001110000000
0000000001100000000110000000
0000000001100000000110000000
0000000011100000000110000000
0000000011100000000110000000
0000000011100000000110000000
0000000011000000000110000000
0000000001100000001110000000
0000000001100000001110000000
0000000001100000011100000000
0000000001110000111000000000
0000000000111111110000000000
0000000000111111100000000000
0000000000000000000000000000
0000000000000000000000000000
0000000000000000000000000000
0000000000000000000000000000
