0000000000000000000000000000
0000000000000000000000000000
0000000000000000000000000000
0000000000000000000000000000
0000000000000000000000000000
0000000000000000111111110000
0000000000000011111111110000
0000000000000111110001111000
0000000000001111110001111000
0000000000011111110000111000
0000000000111111000000111000
0000000000111100000001111000
0000000001111000000001111000
0000000011110000000011110000
0000000111100000000111110000
0000000111100000001111000000
0000001111000000011111000000
0000001110000000111110000000
0000011110000001111000000000
0000011100000111110000000000
0000011100001111100000000000
0000011100011111000000000000
0000011111111110000000000000
0000011111111000000000000000
0000011111110000000000000000
0000000000000000000000000000
0000000000000000000000000000
0000000000000000000000000000
