0000000000000000000000000000
0000000000000000000000000000
0000000000000000000000000000
0000000000000000000000000000
0000000000000000000000000000
0000000000000000000000000000
0000000011100000011000000000
0000001111111111111111000000
0000011111111111111111000000
0000111111111111111111100000
0000111111111101111111110000
0000111111110000111111110000
0000111110000000000111110000
0000111110000000000011110000
0000011110000000000011110000
0000011110000000000011110000
0000001111000000000011110000
0000001111100000000011110000
0000001111110000000011110000
0000001111111000000011110000
0000000111111111111111110000
0000000011111111111111100000
0000000000111111111111000000
0000000000001111111100000000
0000000000000000000000000000
0000000000000000000000000000
0000000000000000000000000000
0000000000000000000000000000
