0000000000000000000000000000
0000000000000000000000000000
0000000000000000000000000000
0000000000000000000000000000
0000000000001111110000000000
0000000000011111110000000000
0000000000111111111000000000
0000000011111111111100000000
0000000111111111111100000000
0000000111111111111110000000
0000001111110001111110000000
0000011111100001111111000000
0000111111000000111111100000
0000111111000000111111100000
0000011111100000011111100000
0000011111100000011111100000
0000011111100000011111100000
0000011111110000011111100000
0000001111110000011111100000
0000000111111100011111100000
0000000011111111111111000000
0000000011111111111111000000
0000000011111111111110000000
0000000001111111111100000000
0000000000000000000000000000
0000000000000000000000000000
0000000000000000000000000000
0000000000000000000000000000
