0000000000000000000000000000
0000000000000000000000000000
0000000000000000000000000000
0000000000000000000000000000
0000000000000111100000000000
0000000000001111100110000000
0000000000011111101111000000
0000000000111111101111100000
0000000000111111001111110000
0000000001111110001111110000
0000000011111100000011110000
0000000111111000000011110000
0000001111110000000111110000
0000001111100000000111100000
0000011111100000001111100000
0000011110000000001111100000
0000011110000000001111000000
0000011110000000011111000000
0000011110000001111111000000
0000011111000111111110000000
0000011111111111111110000000
0000001111111111111000000000
0000000111111111100000000000
0000000011111111000000000000
0000000000000000000000000000
0000000000000000000000000000
0000000000000000000000000000
0000000000000000000000000000
