0000000000000000000000000000
0000000000000000000000000000
0000000000000000000000000000
0000000000000000000000000000
0000000000000001111110000000
0000000000000011111111000000
0000000000000111111111000000
0000000000001111111111000000
0000000000001111111111000000
0000000000011111111111000000
0000000000111110001111000000
0000000000111100001111000000
0000000001111000001111000000
0000000001110000001111000000
0000000011110000011110000000
0000000011100000011110000000
0000000011100000111100000000
0000000111100000111100000000
0000000111000001111100000000
0000000111000011111000000000
0000001111001111110000000000
0000001111111111110000000000
0000000111111111000000000000
0000000011111110000000000000
0000000000000000000000000000
0000000000000000000000000000
0000000000000000000000000000
0000000000000000000000000000
