0000000000000000000000000000
0000000000000000000000000000
0000000000000000000000000000
0000000000000000000000000000
0000000000011110000000000000
0000000001111110000000000000
0000000011111111110000000000
0000000011111111111100000000
0000000111111111111100000000
0000001111110000111110000000
0000001111100000000111000000
0000001110000000000111000000
0000011100000000000011000000
0000011100000000000011100000
0000011100000000000011100000
0000011100000000000011100000
0000011100000000000011100000
0000001110000000000111100000
0000001110000000000111100000
0000000111100000000111000000
0000000111110000011111000000
0000000011111111111111000000
0000000001111111111110000000
0000000000011111111000000000
0000000000000000000000000000
0000000000000000000000000000
0000000000000000000000000000
0000000000000000000000000000
