0000000000000000000000000000
0000000000000000000000000000
0000000000000000000000000000
0000000000000000000000000000
0000000000000000000000000000
0000000000001110011110000000
0000000000111111011111100000
0000000011111111111111100000
0000000011111111111111110000
0000001111111111111111110000
0000001111110000000111110000
0000011111100000000111110000
0000111111000000000011110000
0000111110000000000011110000
0000111110000000000011110000
0000111100000000000111110000
0000111100000000000111110000
0000111110000000000111110000
0000111111111001111111110000
0000111111111111111111100000
0000111111111111111111000000
0000011111111111111110000000
0000000011111111100000000000
0000000000000000000000000000
0000000000000000000000000000
0000000000000000000000000000
0000000000000000000000000000
0000000000000000000000000000
