0000000000000000000000000000
0000000000000000000000000000
0000000000000000000000000000
0000000000000000000000000000
0000000000000000000000000000
0000000000000000000000000000
0000000000000000000000000000
0000000000000001111000000000
0000000000000111111111100000
0000000000111111111111100000
0000000011111111111111100000
0000000111111000000011100000
0000000111000000000011100000
0000001110000000000011100000
0000111100000000000111000000
0000111000000000001111000000
0001110000000000001110000000
0001100000000000111110000000
0001100000000001111000000000
0001110000001111110000000000
0001111111111111100000000000
0001111111111100000000000000
0000011111000000000000000000
0000000000000000000000000000
0000000000000000000000000000
0000000000000000000000000000
0000000000000000000000000000
0000000000000000000000000000
