0000000000000000000000000000
0000000000000000000000000000
0000000000000000000000000000
0000000000000000000000000000
0000000000001111110000000000
0000000000011111111000000000
0000000000011111111100000000
0000000011011010111110000000
0000000011100000011110000000
0000000011100000001110000000
0000000111100000000111000000
0000000111100000000111000000
0000000111100000000111000000
0000000111000000000111000000
0000000111000000000111000000
0000000011100000001111000000
0000000011100000001111000000
0000000011100000011110000000
0000000011110000011110000000
0000000011110000111110000000
0000000001110011111100000000
0000000001111111111000000000
0000000000111111110000000000
0000000000011111100000000000
0000000000000000000000000000
0000000000000000000000000000
0000000000000000000000000000
0000000000000000000000000000
