0000000000000000000000000000
0000000000000000000000000000
0000000000000000000000000000
0000000000000000000000000000
0000000000000001111000000000
0000000000000001111100000000
0000000000000011111100000000
0000000000000011101110000000
0000000000000111001110000000
0000000000011111001110000000
0000000000111111001110000000
0000000001111111001110000000
0000000001111110001110000000
0000000001111110001110000000
0000000011101110001110000000
0000000011100100001110000000
0000000011100000001110000000
0000000011100000011110000000
0000000011100000011100000000
0000000011100000111100000000
0000000011110001111000000000
0000000001111011111000000000
0000000001111111110000000000
0000000001111111100000000000
0000000000000000000000000000
0000000000000000000000000000
0000000000000000000000000000
0000000000000000000000000000
