0000000000000000000000000000
0000000000000000000000000000
0000000000000000000000000000
0000000000000000000000000000
0000000000000000000000000000
0000000000000001111000000000
0000000000000001111100000000
0000000000000000111100000000
0000000000000001011110000000
0000000000111111111110000000
0000000001111110110111000000
0000000001110000000111000000
0000000011110000000111000000
0000000011100000000111000000
0000000011100000000111000000
0000000011000000000110000000
0000000111000000001110000000
0000000011000000001110000000
0000000011000000011100000000
0000000011000000011100000000
0000000011110000111000000000
0000000011110001111000000000
0000000001111011110000000000
0000000000111111100000000000
0000000000011111000000000000
0000000000000000000000000000
0000000000000000000000000000
0000000000000000000000000000
