0000000000000000000000000000
0000000000000000000000000000
0000000000000000000000000000
0000000000000000000000000000
0000000000000000000000000000
0000000000000000011111100000
0000000000111111111111110000
0000000000111111111111111000
0000000001111111111001111000
0000000011111111000000111000
0000000111111111000000111000
0000000111111110000000111000
0000000111111000000000111000
0000001111011000000001111000
0000011110000000000001111000
0000011110000000000011110000
0000011110000000000011110000
0000011100000000000111100000
0000011100000000001111100000
0000011100000000011111100000
0000011110000000011110000000
0000011111000011111100000000
0000011111111111111100000000
0000001111111111110000000000
0000000111111111000000000000
0000000000000000000000000000
0000000000000000000000000000
0000000000000000000000000000
