0000000000000000000000000000
0000000000000000000000000000
0000000000000000000000000000
0000000000000000000000000000
0000000000001111000000000000
0000000000001111100000000000
0000000000011111110000000000
0000000000011110111000000000
0000000000111100111000000000
0000000000111100011000000000
0000000000111000011100000000
0000000001111000011100000000
0000000001110000011100000000
0000000001110000011100000000
0000000001110000111100000000
0000000011110000111100000000
0000000011100000111100000000
0000000011100001111100000000
0000000011100011111000000000
0000000011100111111000000000
0000000011101111110000000000
0000000001111111100000000000
0000000001111111000000000000
0000000000111110000000000000
0000000000000000000000000000
0000000000000000000000000000
0000000000000000000000000000
0000000000000000000000000000
