0000000000000000000000000000
0000000000000000000000000000
0000000000000000000000000000
0000000000000000000000000000
0000000000000000001111100000
0000000000000000111111100000
0000000000000000111110000000
0000000000000001111110000000
0000000000000111111111000000
0000000000001111111111000000
0000000000011111000111000000
0000000000011111000111100000
0000000001111100000111100000
0000000011111000000011100000
0000000011110000000011100000
0000000011110000000111100000
0000000111100000001111000000
0000001111000000111111000000
0000001110000000111110000000
0000001110000011111100000000
0000011110011111111000000000
0000011111111111100000000000
0000001111111111000000000000
0000001111111000000000000000
0000000000000000000000000000
0000000000000000000000000000
0000000000000000000000000000
0000000000000000000000000000
