0000000000000000000000000000
0000000000000000000000000000
0000000000000000000000000000
0000000000000000000000000000
0000000000001111111100000000
0000000000001111111110000000
0000000000011110111110000000
0000000000111100001111000000
0000000001111000001111000000
0000000001110000000111000000
0000000011110000000111000000
0000000011110000000011100000
0000000011110000000011100000
0000000011110000000011100000
0000000111110000000111000000
0000000111110000000111000000
0000000111110000001111000000
0000000111111000001111000000
0000000111111000011110000000
0000000111111000011110000000
0000000000111100111100000000
0000000000111111111000000000
0000000000011111110000000000
0000000000001111110000000000
0000000000000000000000000000
0000000000000000000000000000
0000000000000000000000000000
0000000000000000000000000000
