0000000000000000000000000000
0000000000000000000000000000
0000000000000000000000000000
0000000000000000000000000000
0000000000001111111100000000
0000000000011111111110000000
0000000000111111111110000000
0000000000111111111110000000
0000000000111110011111100000
0000000001111100001111100000
0000000011111000000111110000
0000000011111000000011110000
0000000111110000000011110000
0000000111110000000011111000
0000000111100000000011111000
0000001111100000000011111000
0000011111000000000011110000
0000011111000000000111110000
0000011111000000001111110000
0000011111000001111111000000
0000011111011111111100000000
0000011111111111111100000000
0000011111111111111000000000
0000011111111111000000000000
0000000000000000000000000000
0000000000000000000000000000
0000000000000000000000000000
0000000000000000000000000000
