0000000000000000000000000000
0000000000000000000000000000
0000000000000000000000000000
0000000000000000000000000000
0000000000000000000000000000
0000000000001111111000000000
0000000000011111111111000000
0000000000111111111111100000
0000000001111111111111110000
0000000001111111111111110000
0000001111111111011111110000
0000001111111110011111110000
0000001111111100000111110000
0000001111110000000111110000
0000011111110000000111110000
0000111111100000000111110000
0000111111000000000111110000
0000111110000000111111110000
0000111110000011111111110000
0000111111101111111111100000
0000111111111111111111000000
0000111111111111111100000000
0000111111111111111000000000
0000001111111111000000000000
0000000001110000000000000000
0000000000000000000000000000
0000000000000000000000000000
0000000000000000000000000000
