0000000000000000000000000000
0000000000000000000000000000
0000000000000000000000000000
0000000000000000000000000000
0000000000001111100000000000
0000000000011111111000000000
0000000000111111111100000000
0000000001111111111100000000
0000000001111000111110000000
0000000001111000011111000000
0000000001110000001111000000
0000000011110000001111000000
0000000011100000000111000000
0000000111100000000011100000
0000001111000000000011100000
0000001111000000000011100000
0000011110000000000011100000
0000011110000000000111100000
0000011100000000001111000000
0000011100000000011111000000
0000011111110011111110000000
0000011111111111111110000000
0000001111111111111100000000
0000000001111111100000000000
0000000000000000000000000000
0000000000000000000000000000
0000000000000000000000000000
0000000000000000000000000000
