0000000000000000000000000000
0000000000000000000000000000
0000000000000000000000000000
0000000000000000000000000000
0000000000000000000000000000
0000000011111111111111000000
0000000111111111111111100000
0000011111111111111111000000
0000011111111111111111000000
0000011111111111111111000000
0000011111111111000111110000
0000011111111100000111110000
0000001111111000000111110000
0000011111111000000111110000
0000011111110000000111110000
0000011111100000000111110000
0000011111100000011111110000
0000011111100000111111100000
0000001111100000111111100000
0000000111110001111111100000
0000000111111111111111000000
0000000111111111111111000000
0000000011111111111110000000
0000000000111111111100000000
0000000000001111111000000000
0000000000000000000000000000
0000000000000000000000000000
0000000000000000000000000000
