0000000000000000000000000000
0000000000000000000000000000
0000000000000000000000000000
0000000000000000000000000000
0000000000000000000000000000
0000000000000011111111100000
0000000000001111111111110000
0000000000011111111111110000
0000000001111111110011111000
0000000011111111110001111000
0000000111111111110000111000
0000000111111000000000111000
0000001111110000000000111000
0000001111100000000001111000
0000001111000000000001111000
0000011110000000000001110000
0000011110000000000011110000
0000011100000000000111110000
0000011100000000001111100000
0000011100000000111111000000
0000011110000111111111000000
0000011111111111111100000000
0000011111111111110000000000
0000001111111111000000000000
0000000011110000000000000000
0000000000000000000000000000
0000000000000000000000000000
0000000000000000000000000000
