0000000000000000000000000000
0000000000000000000000000000
0000000000000000000000000000
0000000000000000000000000000
0000000000000111100000000000
0000000000001111100000000000
0000000000001111110000000000
0000000000001111110000000000
0000000000001100110000000000
0000000000011100111000000000
0000000000011100111000000000
0000000000011100011100000000
0000000000011100011100000000
0000000000011100011100000000
0000000000011100011100000000
0000000000011100111100000000
0000000000011000111000000000
0000000000011001111000000000
0000000000111001110000000000
0000000000111011110000000000
0000000000111111110000000000
0000000000111111100000000000
0000000000111111000000000000
0000000000011100000000000000
0000000000000000000000000000
0000000000000000000000000000
0000000000000000000000000000
0000000000000000000000000000
