0000000000000000000000000000
0000000000000000000000000000
0000000000000000000000000000
0000000000000000000000000000
0000000000000000000000000000
0000000000000111111111000000
0000000000001111111111000000
0000000000011111111111000000
0000000001111111111111100000
0000000001111110000111100000
0000000011111100000111100000
0000000111111100000011110000
0000000111111100000011110000
0000001111100100000011110000
0000001111000000000011110000
0000001111000000000111100000
0000001110000000000111100000
0000001111000000000111100000
0000001111000000000111000000
0000001111100000001111000000
0000001111110000011111000000
0000000111111100111110000000
0000000011111111111100000000
0000000000111111111100000000
0000000000011111110000000000
0000000000000000000000000000
0000000000000000000000000000
0000000000000000000000000000
