0000000000000000000000000000
0000000000000000000000000000
0000000000000000000000000000
0000000000000000000000000000
0000000000001111110000000000
0000000000011111111000000000
0000000000011111111100000000
0000000000011101111110000000
0000000000000111011110000000
0000000000011111001110000000
0000000000111111001110000000
0000000000111100001111000000
0000000001111100000111000000
0000000011111000000111000000
0000000111110000000111000000
0000000111100000000111000000
0000001111100000000111000000
0000001111000000000111000000
0000001111000000001110000000
0000001111000000011110000000
0000011110000000111110000000
0000001111111111111100000000
0000001111111111111000000000
0000000111111111100000000000
0000000000000000000000000000
0000000000000000000000000000
0000000000000000000000000000
0000000000000000000000000000
