0000000000000000000000000000
0000000000000000000000000000
0000000000000000000000000000
0000000000000000000000000000
0000000000000111001100000000
0000000000011111101110000000
0000000000011111111111100000
0000000000111111110111100000
0000000001111000000001110000
0000000001110000000001110000
0000000011110000000001110000
0000000111100000000000110000
0000000111000000000000110000
0000000111000000000001110000
0000001110000000000001110000
0000001110000000000001110000
0000001110000000000011100000
0000001110000000000111000000
0000001110000000001111000000
0000001110000000011111000000
0000001111000001111110000000
0000001111110111111000000000
0000000111111111110000000000
0000000011111111000000000000
0000000000000000000000000000
0000000000000000000000000000
0000000000000000000000000000
0000000000000000000000000000
