0000000000000000000000000000
0000000000000000000000000000
0000000000000000000000000000
0000000000000000000000000000
0000000000000000000000000000
0000000000000000000000000000
0000000000000011111100000000
0000000000011111111111000000
0000000000111111111111100000
0000000001111111111111110000
0000000001111111111111110000
0000000011111111111111110000
0000000011111110000111110000
0000001111111100000111110000
0000001111111000000111110000
0000111111100000001111110000
0000111111100000001111110000
0000111111000000011111110000
0000111110000111111111100000
0000111111111111111111000000
0000111111111111111100000000
0000011111111111110000000000
0000000000000000000000000000
0000000000000000000000000000
0000000000000000000000000000
0000000000000000000000000000
0000000000000000000000000000
0000000000000000000000000000
