0000000000000000000000000000
0000000000000000000000000000
0000000000000000000000000000
0000000000000000000000000000
0000000000000011111100000000
0000000000000111111100000000
0000000000001111111000000000
0000000000011111111000000000
0000000000111111111000000000
0000000000111110111000000000
0000000001111100111000000000
0000000001111000111000000000
0000000001111000111100000000
0000000001111000111100000000
0000000011111000111100000000
0000000111110000111100000000
0000000111100000111100000000
0000000111100001111100000000
0000000111100001111000000000
0000000011110011111000000000
0000000011111111111000000000
0000000001111111111000000000
0000000001111111110000000000
0000000000011111100000000000
0000000000000000000000000000
0000000000000000000000000000
0000000000000000000000000000
0000000000000000000000000000
