0000000000000000000000000000
0000000000000000000000000000
0000000000000000000000000000
0000000000000000000000000000
0000000000001111111000000000
0000000000011111111100000000
0000000001111110011110000000
0000000001111000001111000000
0000000011111000000111000000
0000000111110000000111000000
0000000111110000000011100000
0000000111100000000011100000
0000000111000000000011100000
0000000111000000000011100000
0000000111100000000011100000
0000001111100000000011100000
0000001110100000000011100000
0000001110000000000011100000
0000001111000000000011100000
0000001111000000000111100000
0000000111100000001111000000
0000000111110001111111000000
0000000001111111111110000000
0000000000111111111100000000
0000000000000000000000000000
0000000000000000000000000000
0000000000000000000000000000
0000000000000000000000000000
