0000000000000000000000000000
0000000000000000000000000000
0000000000000000000000000000
0000000000000000011100000000
0000000000000011101110000000
0000000000000111101111000000
0000000000000111100111000000
0000000000001111100111000000
0000000000011111000111100000
0000000000111110000011100000
0000000000111100000011100000
0000000001111000000011100000
0000000011110000000011100000
0000000011110000000011100000
0000000111100000000111100000
0000001111100000000111100000
0000011111000000001111100000
0000011110000000011111000000
0000011110000001111111000000
0000011110001111111100000000
0000011111111111110000000000
0000011111111111000000000000
0000011111111000000000000000
0000000000000000000000000000
0000000000000000000000000000
0000000000000000000000000000
0000000000000000000000000000
0000000000000000000000000000
