0000000000000000000000000000
0000000000000000000000000000
0000000000000000000000000000
0000000000000000000000000000
0000000000000000000000000000
0000000000000000000000000000
0000000000000001111111000000
0000000000001111111111100000
0000000001111111111111110000
0000000001111111111111110000
0000000111111011111111110000
0000000111100111111111111000
0000000111001111000111111000
0000000111001110000111111000
0000001111001100000111110000
0000001111001000000111000000
0000001110001000000111000000
0000011110000000000111000000
0000011100000000001111000000
0000011100000000001110000000
0000011100000000011110000000
0000001110000001111100000000
0000001111000111111000000000
0000000111111111110000000000
0000000111111111000000000000
0000000001111110000000000000
0000000000000000000000000000
0000000000000000000000000000
