0000000000000000000000000000
0000000000000000000000000000
0000000000000000000000000000
0000000000000000000000000000
0000000000001111111100000000
0000000000011111111110000000
0000000000111111111111000000
0000000001111111111111100000
0000000011111111111111110000
0000000011111111111111110000
0000001111111111100011111000
0000001111111111000011111000
0000001111111100000011111000
0000001111111000000111111000
0000011111111100001111111000
0000011111111100011111110000
0000011111011000111111110000
0000011110000001111111110000
0000011111110111111111100000
0000011111111111111111000000
0000011111111111111110000000
0000011111111111111000000000
0000001111111111111000000000
0000001111111111000000000000
0000000000000000000000000000
0000000000000000000000000000
0000000000000000000000000000
0000000000000000000000000000
