0000000000000000000000000000
0000000000000000000000000000
0000000000000000000000000000
0000000000000000000000000000
0000000000000011111000000000
0000000000001111111100000000
0000000000011111111110000000
0000000000011111111111000000
0000000001111110111111000000
0000000001111110001111100000
0000000011111000001111100000
0000000011111000000111110000
0000000111110000000111110000
0000001111100000000011111000
0000001111000000000001111000
0000001111000000000001111000
0000001111000000000001111000
0000011111000000000011111000
0000011110000000000011111000
0000011110000000000111110000
0000011110000000011111100000
0000011110000001111111100000
0000011111111111111110000000
0000011111111111111100000000
0000000000000000000000000000
0000000000000000000000000000
0000000000000000000000000000
0000000000000000000000000000
