0000000000000000000000000000
0000000000000000000000000000
0000000000000000000000000000
0000000000000001110000000000
0000000000001101111000000000
0000000000011111111100000000
0000000000011111111100000000
0000000000111100111110000000
0000000001111100011111000000
0000000001111100011111000000
0000000011111000001111000000
0000000111110000001111000000
0000000111100000001111000000
0000000111100000001111000000
0000001111100000011111000000
0000001111000000011111000000
0000001111000000011110000000
0000001111000000111110000000
0000001111000001111100000000
0000001111111111111100000000
0000001111111111111000000000
0000001111111111110000000000
0000000011111111000000000000
0000000000000000000000000000
0000000000000000000000000000
0000000000000000000000000000
0000000000000000000000000000
0000000000000000000000000000
