0000000000000000000000000000
0000000000000000000000000000
0000000000000000000000000000
0000000000001111100000000000
0000000000111111100000000000
0000000001111111110000000000
0000000011111111110000000000
0000000111111111110000000000
0000001111100111111000000000
0000001111000111111100000000
0000001111000001111100000000
0000011100000001111110000000
0000111100000000111111000000
0000111000000000111111000000
0000111000000000001111000000
0000111100000000001111100000
0000111100000000000111100000
0000011111000000000111100000
0000001111110000000111100000
0000000111111111111111100000
0000000011111111111111100000
0000000000111111111111100000
0000000000000111111111000000
0000000000000000000000000000
0000000000000000000000000000
0000000000000000000000000000
0000000000000000000000000000
0000000000000000000000000000
