0000000000000000000000000000
0000000000000000000000000000
0000000000000000000000000000
0000000000000000000000000000
0000000000000000000000000000
0000000000001111110000000000
0000000000011111111000000000
0000000000011111111000000000
0000000000111110111100000000
0000000000111100011100000000
0000000000111100011100000000
0000000000111100111100000000
0000000000111100111100000000
0000000000111000111000000000
0000000000111000111000000000
0000000000111000111000000000
0000000000111001111000000000
0000000000111001110000000000
0000000000111001110000000000
0000000000111011110000000000
0000000000111011100000000000
0000000000111111100000000000
0000000000111111100000000000
0000000000111111000000000000
0000000000011110000000000000
0000000000000000000000000000
0000000000000000000000000000
0000000000000000000000000000
