0000000000000000000000000000
0000000000000000000000000000
0000000000000000000000000000
0000000000000000000000000000
0000000000000000000000000000
0000000000000011111111000000
0000000000011111111111000000
0000000001111111111111100000
0000000011111111111111110000
0000000011111111110111110000
0000001111111111000111111000
0000001111111100000111111000
0000001111111000000011111000
0000011111100000000011111000
0000011111100000000011111000
0000011111000000000011111000
0000011111000000011111111000
0000011111100111111111111000
0000011111111111111111110000
0000011111111111111111100000
0000011111111111111110000000
0000001111111111100000000000
0000000011101110000000000000
0000000000000000000000000000
0000000000000000000000000000
0000000000000000000000000000
0000000000000000000000000000
0000000000000000000000000000
