0000000000000000000000000000
0000000000000000000000000000
0000000000000000000000000000
0000000000000000000000000000
0000000000000000000000000000
0000000000000000111111000000
0000000000001111111111100000
0000000000111111111111100000
0000000001111111111111110000
0000000011111111111111110000
0000000111111111111111110000
0000001111111001111111110000
0000011111110000111111110000
0000011111100000000111110000
0000011111000000000111110000
0000111111000000000111110000
0000111110000000001111110000
0000111110000000001111110000
0000111110000000001111100000
0000111110000000111111100000
0000111110000011111111000000
0000111111111111111100000000
0000111111111111110000000000
0000011111111111110000000000
0000011111111110000000000000
0000000000000000000000000000
0000000000000000000000000000
0000000000000000000000000000
