0000000000000000000000000000
0000000000000000000000000000
0000000000000000000000000000
0000000000000000000000000000
0000000000000000000000000000
0000000000011111111100000000
0000000000011111111110000000
0000000000111111111110000000
0000000000111111111111000000
0000000001111100001111000000
0000000001111000000111000000
0000000011110000000111000000
0000000011100000000111000000
0000000111100000000011000000
0000000111100000000111000000
0000000111000000000111000000
0000000111000000000111000000
0000000111000000001111000000
0000000111000000011111000000
0000000111000001111110000000
0000000111110111111110000000
0000000111111111111100000000
0000000011111111111000000000
0000000011111111100000000000
0000000001111111000000000000
0000000000000000000000000000
0000000000000000000000000000
0000000000000000000000000000
