0000000000000000000000000000
0000000000000000000000000000
0000000000000000000000000000
0000000000000000000000000000
0000000000011111110000000000
0000000000111111111100000000
0000000000111110111110000000
0000000001111000011110000000
0000000001110000001110000000
0000000001110000011111000000
0000000011110000011111100000
0000000011100000000111100000
0000000011100000000011100000
0000000111100000000011100000
0000000111100000000011100000
0000000111100000000011100000
0000000111000000000011100000
0000000111000000000111100000
0000000111100000000111000000
0000000111100000000111000000
0000000111110000001111000000
0000000011111111111110000000
0000000001111111111110000000
0000000000111111111100000000
0000000000000000000000000000
0000000000000000000000000000
0000000000000000000000000000
0000000000000000000000000000
