0000000000000000000000000000
0000000000000000000000000000
0000000000000000000000000000
0000000000000000000000000000
0000000000000111110000000000
0000000000011111111100000000
0000000000111111111110000000
0000000000111111011111000000
0000000001111000001111000000
0000000001110000000111000000
0000000011110000000011000000
0000000011100000000011000000
0000000011100000000011000000
0000000011100000000011000000
0000000011000000000011000000
0000000011000000000111000000
0000000011000000001111000000
0000000011000000001110000000
0000000011000000011110000000
0000000011000000111100000000
0000000011100001111000000000
0000000011110111111000000000
0000000001111111110000000000
0000000000111111000000000000
0000000000000000000000000000
0000000000000000000000000000
0000000000000000000000000000
0000000000000000000000000000
