0000000000000000000000000000
0000000000000000000000000000
0000000000000000000000000000
0000000000000000000000000000
0000000000000000000000000000
0000000000000000000000000000
0000000100011110111100000000
0000001111111111111111000000
0000011111111011111111000000
0000111000000011111111100000
0000111000000000000111100000
0000100000000000000011110000
0000110000000000000011110000
0000110000000000000001110000
0000111000000000000000110000
0000111000000000000000110000
0000111100000000000111110000
0000111111000000001111100000
0000011111111000111111100000
0000001111111111111111000000
0000000011111111100000000000
0000000000111100000000000000
0000000000000000000000000000
0000000000000000000000000000
0000000000000000000000000000
0000000000000000000000000000
0000000000000000000000000000
0000000000000000000000000000
