0000000000000000000000000000
0000000000000000000000000000
0000000000000000000000000000
0000000000000000000000000000
0000000000000111100000000000
0000000000000111110000000000
0000000000001111111000000000
0000000000001111111100000000
0000000000011110111110000000
0000000000111110011110000000
0000000000111100011111000000
0000000000111100011111000000
0000000001111100001111000000
0000000001111000001111000000
0000000001111000001111000000
0000000011110000001111000000
0000000011110000001111000000
0000000011100000001111000000
0000000011100000001111000000
0000000011100000011110000000
0000000011100000111110000000
0000000011111111111100000000
0000000011111111111100000000
0000000001111111110000000000
0000000000000000000000000000
0000000000000000000000000000
0000000000000000000000000000
0000000000000000000000000000
