0000000000000000000000000000
0000000000000000000000000000
0000000000000000000000000000
0000000000000000000000000000
0000000000000000000000000000
0000000000000000011111110000
0000000000000001111111110000
0000000000000111111111111000
0000000000001111110111111000
0000000000011111100001111000
0000000000111110000000111000
0000000001111100000001111000
0000000001111000000001110000
0000000111110000000011110000
0000000111100000000111110000
0000001111100000001111100000
0000001111000000011111000000
0000011110000001111100000000
0000011110000011111100000000
0000011100000111110000000000
0000011100011111100000000000
0000011111111110000000000000
0000011111111100000000000000
0000011111110000000000000000
0000001111100000000000000000
0000000000000000000000000000
0000000000000000000000000000
0000000000000000000000000000
