0000000000000000000000000000
0000000000000000000000000000
0000000000000000000000000000
0000000000000000000000000000
0000000000000000000000000000
0000000000000011111100000000
0000000000000011111110000000
0000000000000111111111000000
0000000000001111110111000000
0000000000001111111111000000
0000000000111111111111000000
0000000000111110011111000000
0000000001111110000111000000
0000000001111111100111000000
0000000011110111110111000000
0000000011100011111111000000
0000000011100001111110000000
0000000011100000011100000000
0000000111000000111000000000
0000000111100011111000000000
0000000111100011110000000000
0000000111100111100000000000
0000000111111111100000000000
0000000011111110000000000000
0000000011111100000000000000
0000000000000000000000000000
0000000000000000000000000000
0000000000000000000000000000
