0000000000000000000000000000
0000000000000000000000000000
0000000000000000000000000000
0000000000000000000000000000
0000000000000111111000000000
0000000000000111111100000000
0000000000001111111110000000
0000000000011100011110000000
0000000000011100011110000000
0000000000011111101110000000
0000000000011111111110000000
0000000000111101111110000000
0000000001111000011110000000
0000000001110000011110000000
0000000011110000111100000000
0000000011100000111100000000
0000000111100001111000000000
0000000111100001111000000000
0000000111100011111000000000
0000000111101111110000000000
0000000111111111100000000000
0000000111111111000000000000
0000000011111110000000000000
0000000011111100000000000000
0000000000000000000000000000
0000000000000000000000000000
0000000000000000000000000000
0000000000000000000000000000
