0000000000000000000000000000
0000000000000000000000000000
0000000000000000000000000000
0000000000000000000000000000
0000000000000011111100000000
0000000000001111111110000000
0000000000011111111110000000
0000000000011111111110000000
0000000001111111111111000000
0000000111111111111111000000
0000000111111111111111000000
0000001111111111011111000000
0000001111111110011110000000
0000001111111100111110000000
0000001111111000111110000000
0000001111111000111110000000
0000001111110000111110000000
0000001111110000111110000000
0000000111110001111110000000
0000000111111011111110000000
0000000111111111111110000000
0000000001111111111100000000
0000000001111111111000000000
0000000000111111111000000000
0000000000000000000000000000
0000000000000000000000000000
0000000000000000000000000000
0000000000000000000000000000
