0000000000000000000000000000
0000000000000000000000000000
0000000000000000000000000000
0000000000000000000000000000
0000000000000000000000000000
0000000000001111100000000000
0000000000011111110000000000
0000000000111111111000000000
0000000000111100111100000000
0000000000111100001110000000
0000000001111000001110000000
0000000001110000000110000000
0000000001110000000111000000
0000000011110000000111000000
0000000011100000000111000000
0000000011100000000111000000
0000000011100000000110000000
0000000011100000001110000000
0000000011100000001110000000
0000000011100000011100000000
0000000011100000111100000000
0000000001110001111000000000
0000000001110111110000000000
0000000001111111100000000000
0000000000111110000000000000
0000000000000000000000000000
0000000000000000000000000000
0000000000000000000000000000
