0000000000000000000000000000
0000000000000000000000000000
0000000000000000000000000000
0000000000000000000000000000
0000000000000000000000000000
0000000000000000011111000000
0000000000000001111111110000
0000000000000111111111111000
0000000000011111111111111000
0000000000111111111111111000
0000000000111111110000111000
0000000011111110000000111000
0000000011111000000000111000
0000000111110000000000111000
0000001111100000000001111000
0000001111000000000011110000
0000011110000000000111100000
0000011100000000001111000000
0000011100000000011110000000
0000011100000000111100000000
0000011100000001111000000000
0000011111100111111000000000
0000011111111111100000000000
0000011111111111100000000000
0000000111111111000000000000
0000000000000000000000000000
0000000000000000000000000000
0000000000000000000000000000
