0000000000000000000000000000
0000000000000000000000000000
0000000000000000000000000000
0000000000000000000000000000
0000000000000001110000000000
0000000001111111111000000000
0000000001111101111100000000
0000000000111100011100000000
0000000001111100011110000000
0000000011111000001110000000
0000000011110000000111000000
0000000111100000000111000000
0000000111000000000011000000
0000001111000000000011100000
0000001111000000000011100000
0000001111000000000011100000
0000001111000000000011100000
0000000111000000000011100000
0000000111100000000011100000
0000000011110000000011100000
0000000011111000000111100000
0000000001111110001111000000
0000000000111111111110000000
0000000000000111111100000000
0000000000000000000000000000
0000000000000000000000000000
0000000000000000000000000000
0000000000000000000000000000
