0000000000000000000000000000
0000000000000000000000000000
0000000000000000000000000000
0000000000000000000000000000
0000000000000000000000000000
0000000000001111100000000000
0000000000001111111111100000
0000000000011111111111100000
0000000000111110111111100000
0000000001111100000011100000
0000000001111000000111100000
0000000011110000000111100000
0000000011110000000111000000
0000000111100000000111000000
0000000111100000000111000000
0000000111100000001110000000
0000000111100000011110000000
0000000111100000111110000000
0000000111000001111100000000
0000000111000001111000000000
0000000111000111110000000000
0000000111111111110000000000
0000000111111111000000000000
0000000111111110000000000000
0000000011111100000000000000
0000000000000000000000000000
0000000000000000000000000000
0000000000000000000000000000
