0000000000000000000000000000
0000000000000000000000000000
0000000000000000000000000000
0000000000000000000000000000
0000000000000000000000000000
0000000000001111110000000000
0000000000011111111000000000
0000000010111111111100000000
0000000111111110011100000000
0000000111111100011100000000
0000000111111000011100000000
0000001111111000011110000000
0000001111110000001110000000
0000001110000000001111000000
0000001110000000001111000000
0000001110000000000111000000
0000001110000000000111000000
0000001110000000000111000000
0000000110000000001111000000
0000000111000000001111000000
0000000111000000001110000000
0000000011100000111110000000
0000000011111111111110000000
0000000001111111111100000000
0000000000111111111000000000
0000000000000000000000000000
0000000000000000000000000000
0000000000000000000000000000
