0000000000000000000000000000
0000000000000000000000000000
0000000000000000000000000000
0000000000000000000000000000
0000000000001111100000000000
0000000000011111110000000000
0000000000011111111000000000
0000000000111111111000000000
0000000000111111111000000000
0000000000111110111100000000
0000000000111110011110000000
0000000001111100011110000000
0000000011111100011110000000
0000000011111100001111000000
0000000011111000001111000000
0000000011111000001111000000
0000000011111000001111000000
0000000011111000011111000000
0000000011111000111111000000
0000000011111111111110000000
0000000011111111111110000000
0000000011111111111000000000
0000000000111111110000000000
0000000000111111000000000000
0000000000000000000000000000
0000000000000000000000000000
0000000000000000000000000000
0000000000000000000000000000
