0000000000000000000000000000
0000000000000000000000000000
0000000000000000000000000000
0000000000000000000000000000
0000000000000000011110000000
0000000000000000111110000000
0000000000000001111110000000
0000000000000011111110000000
0000000000000111111110000000
0000000000000111100110000000
0000000000001111000110000000
0000000000011110000110000000
0000000000111100000110000000
0000000001111100000110000000
0000000001111000001110000000
0000000011110000001110000000
0000000011110000011110000000
0000000111100000111100000000
0000000111100001111100000000
0000000111000011111000000000
0000001110001111110000000000
0000001111111111100000000000
0000000111111110000000000000
0000000111111100000000000000
0000000000000000000000000000
0000000000000000000000000000
0000000000000000000000000000
0000000000000000000000000000
