0000000000000000000000000000
0000000000000000000000000000
0000000000000000000000000000
0000000000000000000000000000
0000000000011110000000000000
0000000000011110000000000000
0000000000011111000000000000
0000000000011111100000000000
0000000000111111110000000000
0000000000111111110000000000
0000000001111101111000000000
0000000001111101111100000000
0000000001111000111110000000
0000000001111000111111000000
0000000011111000011111000000
0000000011110000001111100000
0000000011110000000111100000
0000000011110000000011100000
0000000011110000000011100000
0000000001110000000111100000
0000000001111000111111000000
0000000001111111111110000000
0000000000111111111100000000
0000000000011111110000000000
0000000000000000000000000000
0000000000000000000000000000
0000000000000000000000000000
0000000000000000000000000000
