0000000000000000000000000000
0000000000000000000000000000
0000000000000000000000000000
0000000000000000000000000000
0000000000000000000000000000
0000000000011111111100000000
0000000000111111111111000000
0000000001111111111111000000
0000000011111111100111100000
0000000111111111000111110000
0000001111111110000111110000
0000011100111100000011111000
0000011101111100000011111000
0000011101111000000011110000
0000011111111000000011110000
0000011111111000000011111000
0000011111110000000111111000
0000000111110000000111110000
0000000111100000000111110000
0000000111100000111111100000
0000000111100000111111000000
0000000111100011111111000000
0000000111111111111100000000
0000000111111111110000000000
0000000011111111000000000000
0000000000000000000000000000
0000000000000000000000000000
0000000000000000000000000000
