0000000000000000000000000000
0000000000000000000000000000
0000000000000000000000000000
0000000000000000000000000000
0000000000000000000000000000
0000000000011111111100000000
0000000001111111111111000000
0000000001111111111111100000
0000000001111111001111100000
0000000001111100000111110000
0000000001111100000001110000
0000000001111000000001110000
0000000011110000000001110000
0000000111100000000011110000
0000000111100000000011100000
0000001111000000000111100000
0000001111000000001111100000
0000001110000000001111000000
0000011110000000111111000000
0000011110000001111110000000
0000011110000011111100000000
0000011111000111110000000000
0000001111111111100000000000
0000001111111111100000000000
0000000111111110000000000000
0000000000000000000000000000
0000000000000000000000000000
0000000000000000000000000000
