0000000000000000000000000000
0000000000000000000000000000
0000000000000000000000000000
0000000000000000000000000000
0000000000000011111000000000
0000000000000111111000000000
0000000000001110011100000000
0000000000011110011110000000
0000000000011100001110000000
0000000000111000001110000000
0000000000111000001110000000
0000000000110000001110000000
0000000001110000001110000000
0000000001100000001110000000
0000000011100000001110000000
0000000011100000001110000000
0000000011000000001110000000
0000000111000000001100000000
0000000111000000001100000000
0000000111000000011100000000
0000000111000000111000000000
0000000111100001111000000000
0000000011111111110000000000
0000000001111111100000000000
0000000000000000000000000000
0000000000000000000000000000
0000000000000000000000000000
0000000000000000000000000000
