0000000000000000000000000000
0000000000000000000000000000
0000000000000000000000000000
0000000000000000000000000000
0000000000000001110110000000
0000000000000011111111000000
0000000000000011111111000000
0000000000000111111111100000
0000000000000111111111100000
0000000000001111111111100000
0000000000011110000111100000
0000000000111110000111100000
0000000001111100000111100000
0000000001111100001111000000
0000000001111100011111000000
0000000011110000111111000000
0000000111110000111110000000
0000000111100001111110000000
0000001111000011111100000000
0000001111011111100000000000
0000001111111111100000000000
0000001111111110000000000000
0000001111111100000000000000
0000000011110000000000000000
0000000000000000000000000000
0000000000000000000000000000
0000000000000000000000000000
0000000000000000000000000000
