0000000000000000000000000000
0000000000000000000000000000
0000000000000000000000000000
0000000000001100000000000000
0000000000011100000000000000
0000000000011101111000000000
0000000000111101111100000000
0000000000111101111111000000
0000000001111000011111000000
0000000001111000011111100000
0000000011110000001111110000
0000000111100000000111110000
0000000111100000000001110000
0000000111100000000001110000
0000001111000000000011110000
0000001111000000000111110000
0000001111000000011111100000
0000001111000000111111000000
0000001111000111111100000000
0000001111011111111100000000
0000001111111111110000000000
0000001111111111100000000000
0000000111111100000000000000
0000000000000000000000000000
0000000000000000000000000000
0000000000000000000000000000
0000000000000000000000000000
0000000000000000000000000000
