0000000000000000000000000000
0000000000000000000000000000
0000000000000000000000000000
0000000000000000000000000000
0000000000000001111000000000
0000000000000111111100000000
0000000000001111111111000000
0000000000111111111111000000
0000000001111111111111000000
0000000011111111111111000000
0000000111111100011111100000
0000001111111000011111100000
0000011111110000011111100000
0000011111100000011111100000
0000011111100000011111100000
0000111111000000011111100000
0000111111000000011111100000
0000111111000000011111100000
0000111111100000011111100000
0000111111110000111111100000
0000011111111111111111000000
0000011111111111111111000000
0001000111111111111110000000
0001000001111111110000000000
0000000000000000000000000000
0000000000000000000000000000
0000000000000000000000000000
0000000000000000000000000000
