0000000000000000000000000000
0000000000000000000000000000
0000000000000000000000000000
0000000000000000000000000000
0000000000000011110000000000
0000000000000111111000000000
0000000000001111111000000000
0000000000001111011100000000
0000000000001110011100000000
0000000000011100011100000000
0000000000011100001100000000
0000000000011000001100000000
0000000000111000001100000000
0000000000111000001100000000
0000000001110000011100000000
0000000001110000111100000000
0000000001100000111100000000
0000000011100001111000000000
0000000011100011110000000000
0000000011100111110000000000
0000000011101111100000000000
0000000011111111000000000000
0000000011111110000000000000
0000000011111100000000000000
0000000000000000000000000000
0000000000000000000000000000
0000000000000000000000000000
0000000000000000000000000000
