0000000000000000000000000000
0000000000000000000000000000
0000000000000000000000000000
0000000000000000000000000000
0000000000000000000000000000
0000000000001111111000000000
0000000000001111111110000000
0000000000011111111110000000
0000000000111110001111000000
0000000000111100000111000000
0000000000111100000111100000
0000000001111110000011100000
0000000001111110000111100000
0000000011110000000111000000
0000000011110000000111000000
0000000011100000001111000000
0000000111100000001111000000
0000000111100000011110000000
0000000111000000111110000000
0000000111000001111100000000
0000000111000011111000000000
0000000111101111110000000000
0000000011111111100000000000
0000000011111110000000000000
0000000001111100000000000000
0000000000000000000000000000
0000000000000000000000000000
0000000000000000000000000000
