0000000000000000000000000000
0000000000000000000000000000
0000000000000000000000000000
0000000000000000000000000000
0000000000000000000000000000
0000000000000000111111100000
0000000000001111111111110000
0000000000111111111111110000
0000000000111110000011110000
0000000111111000000011110000
0000011111110000000011110000
0000011111000000000011110000
0000111110000000000011110000
0000111100000000000011110000
0000111100000000000111110000
0000111100000000000111110000
0000111100000000000111110000
0000111100000000111111100000
0000111110000001111111000000
0000111111111111111110000000
0000011111111111111000000000
0000011111111111110000000000
0000000001110111000000000000
0000000000000000000000000000
0000000000000000000000000000
0000000000000000000000000000
0000000000000000000000000000
0000000000000000000000000000
