0000000000000000000000000000
0000000000000000000000000000
0000000000000000000000000000
0000000000000000000000000000
0000000000000011111110000000
0000000000000011111110000000
0000000000001111111110000000
0000000000011111111111000000
0000000000111111001111000000
0000000001111110000111000000
0000000011111100000111000000
0000000111111000000111000000
0000000111111000001111000000
0000001111110000001111000000
0000001111100000001111000000
0000001111100000011111000000
0000001111000000011110000000
0000001111000000011110000000
0000001111000001111110000000
0000001111110011111110000000
0000001111111111111100000000
0000000111111111111100000000
0000000011111111111000000000
0000000001111111100000000000
0000000000000000000000000000
0000000000000000000000000000
0000000000000000000000000000
0000000000000000000000000000
