0000000000000000000000000000
0000000000000000000000000000
0000000000000000000000000000
0000000000000000000000000000
0000000000000000000000000000
0000000000001111111111100000
0000000000111111111111111000
0000000001111111111111111000
0000000011111110000001111000
0000000111111000000000111100
0000000111111100000000011100
0000000111111100000000011100
0000001111111100000000111000
0000001111000000000001111000
0000001110000000000011111000
0000001110000000000111110000
0000001110000000000111100000
0000001110000000011111100000
0000001110000000111111000000
0000001110000001111110000000
0000001110000011111100000000
0000001110000111110000000000
0000001111111111100000000000
0000001111111111000000000000
0000000111111100000000000000
0000000000000000000000000000
0000000000000000000000000000
0000000000000000000000000000
