0000000000000000000000000000
0000000000000000000000000000
0000000000000000000000000000
0000000000000000000000000000
0000000000000000111110000000
0000000000000001111110000000
0000000000000011111110000000
0000000000000111111100000000
0000000000001111111100000000
0000000000001111111100000000
0000000000011111111110000000
0000000000111110011110000000
0000000001111100001110000000
0000000001111000001110000000
0000000001111000001110000000
0000000011110000001110000000
0000000111100000001110000000
0000000111100000011110000000
0000000111000000111100000000
0000001111000001111100000000
0000001111000111111000000000
0000000111111111110000000000
0000000111111111000000000000
0000000111111110000000000000
0000000000000000000000000000
0000000000000000000000000000
0000000000000000000000000000
0000000000000000000000000000
