0000000000000000000000000000
0000000000000000000000000000
0000000000000000000000000000
0000000000000000000000000000
0000000000000011111100000000
0000000000000111111110000000
0000000000001111111111000000
0000000000011111111111000000
0000000000011111111111100000
0000000001111110111111100000
0000000001111100111011100000
0000000011111000011011100000
0000000111110000000011100000
0000000111100000000011100000
0000001111000000000011100000
0000001111000000000011100000
0000011110000000000011100000
0000011110000000000111100000
0000011100000000001111100000
0000011000000000111111100000
0000011000001111111111000000
0000011111111111111110000000
0000011111111111111000000000
0000011111111111100000000000
0000000000000000000000000000
0000000000000000000000000000
0000000000000000000000000000
0000000000000000000000000000
