0000000000000000000000000000
0000000000000000000000000000
0000000000000000000000000000
0000000000000000000000000000
0000000000000000000000000000
0000000001110111111100000000
0000000011111111111110000000
0000000011111111111111000000
0000000011111111111111000000
0000000011111111100111100000
0000000111111110000011100000
0000000111111000000011110000
0000000111111100000011110000
0000000111111100000011110000
0000001111111100000011110000
0000001111100000000011110000
0000001111000000000011110000
0000001111000000000011110000
0000001111000000000111110000
0000001111100000000111100000
0000001111100000111111000000
0000001111110001111111000000
0000000111111111111110000000
0000000011111111111100000000
0000000011111111111000000000
0000000000000000000000000000
0000000000000000000000000000
0000000000000000000000000000
