0000000000000000000000000000
0000000000000000000000000000
0000000000000000000000000000
0000000000000000000000000000
0000000000000000000000000000
0000000000000001111110000000
0000000000001111111111000000
0000000000011111111111100000
0000000001111111111011110000
0000000011111111000011110000
0000000011111110000001110000
0000000111100000000001110000
0000001111000000000001110000
0000001111000000000001110000
0000001110000000000001110000
0000001100000000000011110000
0000011100000000000011100000
0000011110000000000111100000
0000001110000000001111100000
0000001111000000011111000000
0000001111000000111110000000
0000001111100001111100000000
0000000011111111111000000000
0000000011111111110000000000
0000000000111111100000000000
0000000000000000000000000000
0000000000000000000000000000
0000000000000000000000000000
