0000000000000000000000000000
0000000000000000000000000000
0000000000000000000000000000
0000000000011100000000000000
0000000000011100000000000000
0000000000111000111110000000
0000000000111001111110000000
0000000001110001111111000000
0000000001110001111111000000
0000000011110000001111000000
0000000011100000001111000000
0000000011100000000111000000
0000000111000000000111000000
0000000111000000000111000000
0000001111000000001111000000
0000001111000000011111000000
0000001110000000111110000000
0000001110000001111110000000
0000001110001111111100000000
0000001111111111111000000000
0000001111111111110000000000
0000001111111111000000000000
0000000111111110000000000000
0000000000000000000000000000
0000000000000000000000000000
0000000000000000000000000000
0000000000000000000000000000
0000000000000000000000000000
