0000000000000000000000000000
0000000000000000000000000000
0000000000000000000000000000
0000000000000000000000000000
0000000000000111111000000000
0000000000001111111100000000
0000000000011111011110000000
0000000000011110001111000000
0000000000111100000111100000
0000000001111000000111100000
0000000011110000000001100000
0000000111110000000001110000
0000000111100000000001110000
0000000111000000000001100000
0000000111000000000001100000
0000001110000000000011100000
0000001110000000000111100000
0000001110000000000111000000
0000001110000000001110000000
0000001110000000011110000000
0000001111000011111100000000
0000000111101111111000000000
0000000111111111100000000000
0000000011111110000000000000
0000000000000000000000000000
0000000000000000000000000000
0000000000000000000000000000
0000000000000000000000000000
