0000000000000000000000000000
0000000000000000000000000000
0000000000000000000000000000
0000000000000000000000000000
0000000000000000000000000000
0000000000000000000000000000
0000000000001100011100000000
0000000000111110111111000000
0000000001111111111111000000
0000000011111111111111100000
0000001111111111111111100000
0000001111111011110111110000
0000011111110011100111110000
0000011111100011000011110000
0000111111000011000011110000
0000111111000001100111110000
0000111110000001101111110000
0000111110000000111111100000
0000111111000011111111100000
0000111111111111111111100000
0000011111111111111110000000
0000001111111111111000000000
0000000111111111100000000000
0000000000000000000000000000
0000000000000000000000000000
0000000000000000000000000000
0000000000000000000000000000
0000000000000000000000000000
