0000000000000000000000000000
0000000000000000000000000000
0000000000000000000000000000
0000000000000000000000000000
0000000000000000001111110000
0000000000000000001111110000
0000000000000000001111110000
0000000000000000011111110000
0000000000000111011111110000
0000000000001111101111110000
0000000001111111001111110000
0000000001111111000111110000
0000000011111110000111110000
0000000111111100000111110000
0000011111110000000111110000
0000011111100000001111110000
0000111111000000011111100000
0000111110000000111111000000
0000111110000011111110000000
0000111111111111111000000000
0000111111111111111000000000
0000011111111111111000000000
0000011111111111100000000000
0000001111111100000000000000
0000000000000000000000000000
0000000000000000000000000000
0000000000000000000000000000
0000000000000000000000000000
