0000000000000000000000000000
0000000000000000000000000000
0000000000000000000000000000
0000000000000000000000000000
0000000000000000000111110000
0000000000000000001111100000
0000000000000000011111100000
0000000000000001111011100000
0000000000000001110011100000
0000000000000011110011100000
0000000000000111000011100000
0000000000001110000111000000
0000000000011100000111000000
0000000000111100000111000000
0000000001111000001110000000
0000000011110000011110000000
0000000111100000111100000000
0000000111100001111000000000
0000000111000011110000000000
0000001110000111110000000000
0000001110011111000000000000
0000001111111110000000000000
0000001111111100000000000000
0000000111110000000000000000
0000000000000000000000000000
0000000000000000000000000000
0000000000000000000000000000
0000000000000000000000000000
