0000000000000000000000000000
0000000000000000000000000000
0000000000000000000000000000
0000000000000000000000000000
0000000000000000111111000000
0000000000000011111111100000
0000000000000111111111100000
0000000000011111100011110000
0000000000111110000001110000
0000000001111100000001110000
0000000011111100000001110000
0000000011110000000000110000
0000000111100000000001110000
0000000111100000000001110000
0000001111000000000001110000
0000011110000000000011110000
0000011110000000000111100000
0000011110000000001111100000
0000011110000000011111000000
0000011110000000111110000000
0000011111100111111100000000
0000011111111111111100000000
0000001111111111110000000000
0000000111111111000000000000
0000000000000000000000000000
0000000000000000000000000000
0000000000000000000000000000
0000000000000000000000000000
