0000000000000000000000000000
0000000000000000000000000000
0000000000000000000000000000
0000000000000000000000000000
0000000000000000000000000000
0000000001110111100000000000
0000000011110111111100000000
0000000011110111111110000000
0000000111110111111111000000
0000001111000111011111100000
0000001111000000000011110000
0000001111000000000011110000
0000001110000000000001110000
0000001110000000000001110000
0000001110000000000001110000
0000001110000000000001110000
0000001110000000000001110000
0000001110000000000011110000
0000001110000000000011110000
0000001111000000000111100000
0000001111000000001111000000
0000001111100000011111000000
0000000111111101111110000000
0000000011111111111000000000
0000000001111111110000000000
0000000000000000000000000000
0000000000000000000000000000
0000000000000000000000000000
