0000000000000000000000000000
0000000000000000000000000000
0000000000000000000000000000
0000000000000000000000000000
0000000000000000000000000000
0000000000001111111110000000
0000000000011111111110000000
0000000000111111111111000000
0000000001111111111111000000
0000000011111111111111000000
0000000111111111111111000000
0000000111110111111111100000
0000000111110000001111100000
0000001111100000001111100000
0000011111000000001111000000
0000011111100000001111100000
0000011111000000001111000000
0000011111000000111111000000
0000011111100000111110000000
0000011111100001111110000000
0000001111110001111110000000
0000001111111111111100000000
0000001111111111111000000000
0000000011111111110000000000
0000000001111111100000000000
0000000000000000000000000000
0000000000000000000000000000
0000000000000000000000000000
