0000000000000000000000000000
0000000000000000000000000000
0000000000000000000000000000
0000000000000000000000000000
0000000000000001111100000000
0000000000000011111110000000
0000000000111111111110000000
0000000000111111111110000000
0000000001111111111111000000
0000000011111111111111000000
0000000111111001111111000000
0000001111110000111111100000
0000001111100000111111100000
0000001110000000111111100000
0000011110000000000111100000
0000111110000000000111100000
0000111110000000000111100000
0000111110000000001111100000
0000111110000000001111000000
0000111110000000111111000000
0000111111100011111111000000
0000001111111111111110000000
0000001111111111111000000000
0000001111111111100000000000
0000000000000000000000000000
0000000000000000000000000000
0000000000000000000000000000
0000000000000000000000000000
