0000000000000000000000000000
0000000000000000000000000000
0000000000000000000000000000
0000000000000000000000000000
0000000000000000000000000000
0000000000111111111100000000
0000000000111111111110000000
0000000001111111111111000000
0000000011111111111111100000
0000000111111111111111100000
0000000111111111111111100000
0000000111111111111111100000
0000000111111111101111100000
0000000111111111111111100000
0000000111110111111111100000
0000000111110000011111100000
0000000111110000111111000000
0000000111111000111111000000
0000000111111001111110000000
0000000111111001111100000000
0000000111111111111100000000
0000000111111111111100000000
0000000011111111111100000000
0000000001111111111000000000
0000000000111111110000000000
0000000000000000000000000000
0000000000000000000000000000
0000000000000000000000000000
