0000000000000000000000000000
0000000000000000000000000000
0000000000000000000000000000
0000000000000000000000000000
0000000000000000000000000000
0000000000000000111100000000
0000000000000011111100000000
0000000000001111111110000000
0000000000011111111111000000
0000000000011111111111000000
0000000000111110001111000000
0000000000111110000111000000
0000000001111110000111000000
0000000001111110000111000000
0000000001100110000111000000
0000000011100110000111000000
0000000011100010000110000000
0000000011100000000110000000
0000000011100000001110000000
0000000011100000001100000000
0000000011110000011100000000
0000000011111000111100000000
0000000001111111111000000000
0000000001111111110000000000
0000000000011111100000000000
0000000000000000000000000000
0000000000000000000000000000
0000000000000000000000000000
