0000000000000000000000000000
0000000000000000000000000000
0000000000000000000000000000
0000000000000000000000000000
0000000000000000000000000000
0000000000000000000000000000
0000000000000011111001100000
0000000000001111111111111000
0000000000011111111111111000
0000000000111110011100111000
0000000001111000011000111000
0000000011110000000000111000
0000000011100000000000111000
0000000111000000000001110000
0000001111000000000001110000
0000001110000000000001110000
0000011110000000000011100000
0000011100000000000111000000
0000011100000000001111000000
0000011100000000001110000000
0000011100000000111100000000
0000011100000001111000000000
0000001110000111110000000000
0000001111111111000000000000
0000001111111110000000000000
0000000011110000000000000000
0000000000000000000000000000
0000000000000000000000000000
