0000000000000000000000000000
0000000000000000000000000000
0000000000000000000000000000
0000000000000000000000000000
0000000000000000000000000000
0000000000110011111000000000
0000000001111111111100000000
0000000111111111111110000000
0000000111111111111111000000
0000000111111110011111000000
0000000111101100000111100000
0000001111000000000111100000
0000001111000000000011100000
0000001111000000000011100000
0000001111000000000011100000
0000001111000000000011100000
0000001111000000000111100000
0000001111100000000111100000
0000000111100000001111100000
0000000111110000001111000000
0000000111110000011111000000
0000000111111100111110000000
0000000011111111111100000000
0000000000111111111000000000
0000000000011111110000000000
0000000000000000000000000000
0000000000000000000000000000
0000000000000000000000000000
