0000000000000000000000000000
0000000000000000000000000000
0000000000000000000000000000
0000000000000000000000000000
0000000000000000000000000000
0000000000000000001111110000
0000000000000000011111110000
0000000000000000111111110000
0000000000000111111000110000
0000000000011111110000110000
0000000000111111110000110000
0000000011111011100000110000
0000000111100011000001110000
0000000111000111000001100000
0000001110000110000011100000
0000011100000110000111000000
0000111000000110000111000000
0000111000000110001110000000
0000110000000110111100000000
0000110000000011111000000000
0000110000000011110000000000
0000110000001111100000000000
0000111100111111000000000000
0000011111111100000000000000
0000001111110000000000000000
0000000000000000000000000000
0000000000000000000000000000
0000000000000000000000000000
