0000000000000000000000000000
0000000000000000000000000000
0000000000000000000000000000
0000000000000000000000000000
0000000000000111111000000000
0000000000000111111100000000
0000000000001111111100000000
0000000000001111111110000000
0000000000001111111110000000
0000000000001111001110000000
0000011100001110001110000000
0000011100001110001110000000
0000011100000000001110000000
0000011100000000011110000000
0000011110000000001110000000
0000011110000000001110000000
0000001111000000111110000000
0000001111100000111110000000
0000000111100001111110000000
0000000011111111111100000000
0000000011111111111000000000
0000000011111111111000000000
0000000001111111110000000000
0000000000111111100000000000
0000000000000000000000000000
0000000000000000000000000000
0000000000000000000000000000
0000000000000000000000000000
