0000000000000000000000000000
0000000000000000000000000000
0000000000000000000000000000
0000000000000000000000000000
0000000000000000011100000000
0000000000000000111111001000
0000000000000001111111101000
0000000000000011111111100000
0000000000000111111011000000
0000000000011111100011100000
0000000000111111100011100000
0000000001111101100011100000
0000000001111000000111100000
0000000011110000000111000000
0000000111110000000111000000
0000001111100000001111000000
0000011111000000011110000000
0000011110000000011110000000
0000011100000000111100000000
0000011100000011111000000000
0000011111011111111000000000
0000011111111111100000000000
0000011111111110000000000000
0000000111110000000000000000
0000000000000000000000000000
0000000000000000000000000000
0000000000000000000000000000
0000000000000000000000000000
