0000000000000000000000000000
0000000000000000000000000000
0000000000000000000000000000
0000000000000000000000000000
0000000000000000000000000000
0000000001111111111000000000
0000000001111111111100000000
0000000011111111111110000000
0000000011111110011111100000
0000000011111100000111100000
0000000011111100000011110000
0000000011110000000011110000
0000000011110000000001111000
0000000111110000000001111000
0000000111100000000000111000
0000000111100000000001111000
0000001111100000000001111000
0000001111100000000011111000
0000001111000000000111110000
0000001111000000001111110000
0000001111100000011111100000
0000000111100011111111000000
0000000011111111111110000000
0000000001111111111000000000
0000000001111111110000000000
0000000000000000000000000000
0000000000000000000000000000
0000000000000000000000000000
