0000000000000000000000000000
0000000000000000000000000000
0000000000000000000000000000
0000000000000000000000000000
0000000000000011111110000000
0000000000000111111111000000
0000000000011111100111100000
0000000000011110000111100000
0000000000111100000011100000
0000000001111000000011100000
0000000011111000000111100000
0000000011110000000011100000
0000000011100000000111100000
0000000111100000000111100000
0000001111000000000111100000
0000001111000000001111000000
0000001110000000001111000000
0000011110000000001110000000
0000011110000000111110000000
0000011110000001111100000000
0000011111111111111000000000
0000011111111111111000000000
0000000111111111110000000000
0000000011111110000000000000
0000000000000000000000000000
0000000000000000000000000000
0000000000000000000000000000
0000000000000000000000000000
