0000000000000000000000000000
0000000000000000000000000000
0000000000000000000000000000
0000000000000000000000000000
0000000000000011111100000000
0000000000011111111100000000
0000000000111111111110000000
0000000001111111111110000000
0000000011111110011111000000
0000000011111100011111000000
0000000111111000011111000000
0000000111110000001111100000
0000001111100000001111100000
0000011111100000001111100000
0000011111000000001111100000
0000011111000000011111100000
0000011110000000011111100000
0000011110000000111111000000
0000011110000001111111000000
0000011110000011111111000000
0000011111111111111110000000
0000011111111111111100000000
0000001111111111111000000000
0000000111111111100000000000
0000000000000000000000000000
0000000000000000000000000000
0000000000000000000000000000
0000000000000000000000000000
