0000000000000000000000000000
0000000000000000000000000000
0000000000000000000000000000
0000000000000110001100000000
0000000000000111011111000000
0000000000001111011111000000
0000000000001111001111000000
0000000000011111001111000000
0000000000111110001111000000
0000000000111100001111000000
0000000000111100001111000000
0000000001111100001111100000
0000000001111000001111100000
0000000011111000001111000000
0000000111110000001111000000
0000000111110000011111000000
0000000111100000111111000000
0000000111100001111110000000
0000000111100111111100000000
0000000111111111111100000000
0000000111111111111000000000
0000000111111111110000000000
0000000011111111000000000000
0000000000000000000000000000
0000000000000000000000000000
0000000000000000000000000000
0000000000000000000000000000
0000000000000000000000000000
