0000000000000000000000000000
0000000000000000000000000000
0000000000000000000000000000
0000000000000000000000000000
0000000000000000111110000000
0000000000000001111111000000
0000000000000001100011100000
0000000000111101100001100000
0000000011111101100001100000
0000000011101111100001110000
0000000111001110000001110000
0000000111001110000000110000
0000000111001100000001110000
0000001110001100000001100000
0000001110000000000001100000
0000001110000000000001100000
0000001110000000000001100000
0000001110000000000011100000
0000001110000000000011000000
0000000111000000001111000000
0000000111100000011111000000
0000000111111111111100000000
0000000011111111111000000000
0000000000111111000000000000
0000000000000000000000000000
0000000000000000000000000000
0000000000000000000000000000
0000000000000000000000000000
