0000000000000000000000000000
0000000000000000000000000000
0000000000000000000000000000
0000000000000000000000000000
0000000000000000000000000000
0000000000000000000000000000
0000011000111111111110000000
0000010011111111111111000000
0000000011111111111111110000
0000000111111111100111110000
0000001111111110000011111000
0000001111111111000011111000
0000001111111110000001111000
0000001111111100000001111000
0000001111111100000001111000
0000001111110000000011111000
0000011111110000001111111000
0000011111000000011111110000
0000011111000001111111100000
0000011111011111111111100000
0000011111111111111100000000
0000011111111111111000000000
0000011111111100000000000000
0000000111110000000000000000
0000000000000000000000000000
0000000000000000000000000000
0000000000000000000000000000
0000000000000000000000000000
