0000000000000000000000000000
0000000000000000000000000000
0000000000000000000000000000
0000000000000000000000000000
0000000000001111110000000000
0000000000001111111100000000
0000000000001111111110000000
0000000000011111111111000000
0000000000011110000111100000
0000000000001110000111100000
0000000000011110000011100000
0000000000111100000001110000
0000000001111000000001110000
0000000001111000000001110000
0000000001111000000011100000
0000000011111000000011100000
0000000011111000001110000000
0000000011110000111110000000
0000000011111001111110000000
0000000011111111111100000000
0000000011111111111100000000
0000000011111111110000000000
0000000001111111000000000000
0000000000001110000000000000
0000000000000000000000000000
0000000000000000000000000000
0000000000000000000000000000
0000000000000000000000000000
