0000000000000000000000000000
0000000000000000000000000000
0000000000000000000000000000
0000000000000000000000000000
0000000000000111111100000000
0000000000011111111110000000
0000000000111111111111000000
0000000011111111001111000000
0000000111111100000111100000
0000000111110000000111100000
0000000111000000000011110000
0000001111100000000011110000
0000001111100000000011110000
0000000111100000000011110000
0000000111100000000011100000
0000000111100000000011100000
0000000111100000000111100000
0000000111000000000111100000
0000000111000000001111000000
0000000111100000111111000000
0000000111110111111110000000
0000000011111111111100000000
0000000011111111111000000000
0000000001111111000000000000
0000000000000000000000000000
0000000000000000000000000000
0000000000000000000000000000
0000000000000000000000000000
