0000000000000000000000000000
0000000000000000000000000000
0000000000000000000000000000
0000000000000000000000000000
0000000000000000000000000000
0000000000000000000000000000
0000000000000011111110000000
0000000000001111111111100000
0000000000011111111111110000
0000000000111111110011110000
0000000000111111110011110000
0000000001111101100001110000
0000000011111001000001110000
0000000111110000000001110000
0000001111100000000011110000
0000011110000000000111110000
0000111110000000001111100000
0000111100000000111111000000
0000111100000001111110000000
0000111000000011111100000000
0000111000011111110000000000
0000111111111111000000000000
0000111111111100000000000000
0000001111111000000000000000
0000000000000000000000000000
0000000000000000000000000000
0000000000000000000000000000
0000000000000000000000000000
