0000000000000000000000000000
0000000000000000000000000000
0000000000000000000000000000
0000000000000000000000000000
0000000000000000000000000000
0000000000000000000000000000
0000000000000011110000000000
0000000000000111110000000000
0000000000001111111100010000
0000000000011111111110110000
0000000000111111111110110000
0000000001111100011111110000
0000000011111000011111110000
0000000111111000011111110000
0000110111110000011111110000
0000001111100000011111110000
0000001111100000111110110000
0000001111000001111100000000
0000001110000011111000000000
0000001111111111111000000000
0000001111111111100000110000
0000000111111110000000110000
0000000001111000000000110000
0000000000000000000000110000
0000000000000000000000000000
0000000000000000000000000000
0000000000000000000000000000
0000000000000000000000000000
