0000000000000000000000000000
0000000000000000000000000000
0000000000000000000000000000
0000000000000000000000000000
0000000000001111110000000000
0000000000011111110000000000
0000000000011111111000000000
0000000001111111111000000000
0000000001111111111000000000
0000000001111001111000000000
0000000011111000111000000000
0000000111110000111111000000
0000000111110001111111000000
0000001111110001111111110000
0000001111100001111111110000
0000001111000001110011100000
0000001111000001100011100000
0000001111000000000011100000
0000001111000000000111100000
0000001111100000011111100000
0000001111111111111111000000
0000000011111111111110000000
0000000011111111111110000000
0000000001111111110000000000
0000000000000000000000000000
0000000000000000000000000000
0000000000000000000000000000
0000000000000000000000000000
