0000000000000000000000000000
0000000000000000000000000000
0000000000000000000000000000
0000000000000000000000000000
0000000000000000000000000000
0000000000000000000000000000
0000000000000001110000000000
0000000000000001111000000000
0000000000000111111000000000
0000000000000111111000000000
0000000000001111111000000000
0000000000011111111000000000
0000000000111110111100000000
0000000000111100111100000000
0000000001111000111100000000
0000000011110000111100000000
0000000011110000111000000000
0000000111100001111000000000
0000000111101111111000000000
0000000111111111110000000000
0000000111111111100001000000
0010000011111110000001000000
0000000000000000000000000000
0000000000000000000000000000
0000000000000000000000000000
0000000000000000000000000000
0000000000000000000000000000
0000000000000000000000000000
