0000000000000000000000000000
0000000000000000000000000000
0000000000000000000000000000
0000000000000000000000000000
0000000000000000011111100000
0000000000000001111111100000
0000000000000011111111110000
0000000000001111111111100000
0000000000001111110111110000
0000000000011111100111110000
0000000001111111000111110000
0000000001111110000111110000
0000000011111100000111100000
0000001111111000001111100000
0000001111100000001111000000
0000011111100000011111000000
0000011111000000011110000000
0000011110000000111100000000
0000111110000011111100000000
0000111100011111111000000000
0000111111111111110000000000
0000111111111111000000000000
0000111111111110000000000000
0000011111100000000000000000
0000000000000000000000000000
0000000000000000000000000000
0000000000000000000000000000
0000000000000000000000000000
