0000000000000000000000000000
0000000000000000000000000000
0000000000000000000000000000
0000000000000000000000000000
0000000000000000111100000000
0000000000000001111110000000
0000000001110011111110000000
0000000001110011111111000000
0000000011111111111111000000
0000000011111111101111100000
0000000011111111100111100000
0000000011111111000111100000
0000000011111110000111000000
0000000111111100001111000000
0000000111101100001111000000
0000000111100000001111000000
0000000111100000011111000000
0000000111100000011111000000
0000000111001111111110000000
0000000111111111111100000000
0000000111111111111000000000
0000000111111111110000000000
0000000011111111100000000000
0000000011111110000000000000
0000000000000000000000000000
0000000000000000000000000000
0000000000000000000000000000
0000000000000000000000000000
