0000000000000000000000000000
0000000000000000000000000000
0000000000000000000000000000
0000000000000000000000000000
0000000001111111110000000000
0000000011111111111100000000
0000000111111111111110000000
0000001111111111111110000000
0000001111111111111110000000
0000011111111011111110000000
0000111111100000111111000000
0000111111100000011111100000
0000111111100000011111100000
0000111111100000011111110000
0000111111100000011111110000
0000111111100000011111110000
0000111111110000011111110000
0000001111111100001111110000
0000001111111111001111110000
0000000111111111111111110000
0000000111111111111111110000
0000000001111111111111100000
0000000000111111111111100000
0000000000011111111111000000
0000000000000000000000000000
0000000000000000000000000000
0000000000000000000000000000
0000000000000000000000000000
