0000000000000000000000000000
0000000000000000000000000000
0000000000000000000000000000
0000000000000000000000000000
0000000000000000000000000000
0000000001001111000000000000
0000000011111111110000000000
0000000111111111111100000000
0000000011111111111100000000
0000000011100001111110000000
0000000001100000001110000000
0000000001100000001111000000
0000000001100000000111000000
0000000001100000000111000000
0000000011100000000111000000
0000000011100000000111000000
0000000011100000000111000000
0000000011100000001110000000
0000000011100000001110000000
0000000011100000011110000000
0000000001100000111100000000
0000000001110011111000000000
0000000001111111110000000000
0000000001111111100000000000
0000000000111110000000000000
0000000000000000000000000000
0000000000000000000000000000
0000000000000000000000000000
