0000000000000000000000000000
0000000000000000000000000000
0000000000000000000000000000
0000000000000000000000000000
0000000000000000000000000000
0000000000000000000000000000
0000000000001110000000000000
0000000001111111111110000000
0000000011111111111111100000
0000000111110111101111110000
0000001111100111111011111000
0000011110000011111111111000
0000011110000000011001111000
0000011100000000000000111000
0000011100000000000000111000
0000011110000000000000111000
0000011110000000000001111000
0000011111000000000011111000
0000011111111100111111110000
0000001111111111111111100000
0000000111111111111111000000
0000000000111111100000000000
0000000000000000000000000000
0000000000000000000000000000
0000000000000000000000000000
0000000000000000000000000000
0000000000000000000000000000
0000000000000000000000000000
