0000000000000000000000000000
0000000000000000000000000000
0000000000000000000000000000
0000000000000000000000000000
0000000000000001111000000000
0000000000000011111111000000
0000000000011111111111000000
0000000000011111111111100000
0000000000011111110111100000
0000000001111111000011100000
0000000011111110000011100000
0000000111111100000111100000
0000001111111000000111100000
0000001111100000000111100000
0000001111100000001111000000
0000001111000000001111000000
0000011110000000011111000000
0000111100000000111110000000
0000111000000011111110000000
0000110000011111111110000000
0000111111111111111000000000
0000111111111111100000000000
0000011111111111000000000000
0000011111111000000000000000
0000000000000000000000000000
0000000000000000000000000000
0000000000000000000000000000
0000000000000000000000000000
