0000000000000000000000000000
0000000000000000000000000000
0000000000000000000000000000
0000000000000000000000000000
0000000000000000000000000000
0000000000000111111111000000
0000000000001111111111100000
0000000000011111111111100000
0000000000011111111111000000
0000000000011111001111000000
0000000000111110011111000000
0000000000111100011110000000
0000000000111100011110000000
0000000001111100111110000000
0000000001111100111110000000
0000000011111100111110000000
0000000011111101111110000000
0000000011111001111100000000
0000000011111011111100000000
0000000011111111111000000000
0000000011111111110000000000
0000000011111111110000000000
0000000011111111100000000000
0000000011111111000000000000
0000000011111100000000000000
0000000000000000000000000000
0000000000000000000000000000
0000000000000000000000000000
