0000000000000000000000000000
0000000000000000000000000000
0000000000000000000000000000
0000000000000000000000000000
0000000000000000000000000000
0000000000000111100000000000
0000000000000111100000000000
0000000000000111111110000000
0000000000001111001111110000
0000000000011111000011111000
0000000000011110000011111000
0000000000111100000000111000
0000000001111000000000111000
0000000001111000000011111000
0000000011111000000111111000
0000000111110000011111110000
0000001111100011111111000000
0000011111001111111100000000
0000011111111111111000000000
0000011111111111000000000000
0000011111111100000000000000
0000011111100000000000000000
0000011111000000000000000000
0000000000000000000000000000
0000000000000000000000000000
0000000000000000000000000000
0000000000000000000000000000
0000000000000000000000000000
