0000000000000000000000000000
0000000000000000000000000000
0000000000000000000000000000
0000000000000000000000000000
0000000000000000011111000000
0000000000000011111111100000
0000000000001111111111000000
0000000000011111110000000000
0000000001111110000001100000
0000000011111100000001110000
0000000111111000000001111000
0000000111110000000001111000
0000001111100000000000111000
0000011111000000000000011000
0000011110000000000000111000
0000011110000000000000111000
0000011100000000000001111000
0000011110000000000111111000
0000011111000000011111110000
0000001111100000011111000000
0000001111111111111100000000
0000000111111111111100000000
0000000111111111100000000000
0000000000000000000000000000
0000000000000000000000000000
0000000000000000000000000000
0000000000000000000000000000
0000000000000000000000000000
