0000000000000000000000000000
0000000000000000000000000000
0000000000000000000000000000
0000000000000000000000000000
0000000000000000000000000000
0000000000000000000000000000
0000000000000000011110000000
0000000000000001111111110000
0000000000000011111111110000
0000000000000111111111110000
0000000000001111111001110000
0000000000011111110001110000
0000000001111110000001110000
0000000011111100000001110000
0000000111111000000011100000
0000001111100000000111100000
0000011111100000001111000000
0000011111000000011110000000
0000111100000001111100000000
0000111100001111111000000000
0000111111111111110000000000
0000111111111111000000000000
0000111111110000000000000000
0000000111000000000000000000
0000000000000000000000000000
0000000000000000000000000000
0000000000000000000000000000
0000000000000000000000000000
