0000000000000000000000000000
0000000000000000000000000000
0000000000000000000000000000
0000000000000000000000000000
0000000000000111100000000000
0000000000001111110000000000
0000000000001111111000000000
0000000000000011111100000000
0000000000000001111110000000
0000000000000000001110000000
0000000001111110001110000000
0000000001111111000111000000
0000000011110011000111000000
0000000111100000000011000000
0000001111000000000011000000
0000001111000000000011000000
0000001110000000000111000000
0000011110000000000111000000
0000001110000000001111000000
0000001110000000011110000000
0000001110000000111100000000
0000001111000011111000000000
0000000111111111110000000000
0000000001111111000000000000
0000000000000000000000000000
0000000000000000000000000000
0000000000000000000000000000
0000000000000000000000000000
