0000000000000000000000000000
0000000000000000000000000000
0000000000000000000000000000
0000000000000000000000000000
0000000000000000000000000000
0000000000111111110000000000
0000000001111111111000000000
0000000011111111111110000000
0000000111111000111111000000
0000000111100000001111000000
0000000111100000001111000000
0000000111100000000111100000
0000001111000000000111100000
0000001111000000000011100000
0000001111000000000011100000
0000001111000000000011100000
0000000111000000000011100000
0000000111100000000011100000
0000000111100000000111100000
0000000111110000000111100000
0000000011111000001111000000
0000000001111111111111000000
0000000000111111111111000000
0000000000111111111110000000
0000000000001111111000000000
0000000000000000000000000000
0000000000000000000000000000
0000000000000000000000000000
