0000000000000000000000000000
0000000000000000000000000000
0000000000000000000000000000
0000000000000000000000000000
0000000000001111111000000000
0000000000011111111100000000
0000000000111111111100000000
0000000001111111111100000000
0000000001111110111110000000
0000000001111101111110000000
0000000001111001111111000000
0000000011111001111111000000
0000000011111001110111100000
0000000011111000000111100000
0000000011111000000111100000
0000000011110000000111100000
0000000011110000000111100000
0000000011110000000111100000
0000000011110000001111000000
0000000011110000111111000000
0000000011111011111110000000
0000000011111111111100000001
0000000001111111111100000001
0000000001111111110000000000
0000000000000000000000000000
0000000000000000000000000000
0000000000000000000000000000
0000000000000000000000000000
