0000000000000000000000000000
0000000000000000000000000000
0000000000000000000000000000
0000000000000000000000000000
0000000000011100000000000000
0000000001111110000000000000
0000000001111111000000000000
0000000011111111111110000000
0000000111110111111111100000
0000000111100111111111100000
0000001111100011111111111000
0000001111000000110001111000
0000001111000000000000111100
0000001111000000000000111100
0000001111000000000000111100
0000001111000000000000111100
0000001111000000000000111100
0000001111000000000000111000
0000001111100000000000111000
0000000111110000000011111000
0000000111111110111111110000
0000000001111111111111100000
0000000000111111111110000000
0000000000001111111000000000
0000000000000000000000000000
0000000000000000000000000000
0000000000000000000000000000
0000000000000000000000000000
