0000000000000000000000000000
0000000000000000000000000000
0000000000000000000000000000
0000000000000000000000000000
0000000000000000000000000000
0000000000000000000000000000
0000000000000000000000000000
0000000000000000000000000000
0000000111111000000000000000
0000001111111100000000000000
0000001111111111000000000000
0000001111111111110000111000
0000001110000011111000111100
0000001110000000111000011100
0000001110000000011101111100
0000001110000000011011111100
0000001111111111111111111100
0000000111111111111111110000
0000000001111111111100000000
0000000000001111011000000000
0000000000000000000000000000
0000000000000000000000000000
0000000000000000000000000000
0000000000000000000000000000
0000000000000000000000000000
0000000000000000000000000000
0000000000000000000000000000
0000000000000000000000000000
