0000000000000000000000000000
0000000000000000000000000000
0000000000000000000000000000
0000000000000000000000000000
0000000000111100000000000000
0000000001111111110000000000
0000000001111111111100000000
0000000011111111111110000000
0000000011110111111111000000
0000000111110000001111100000
0000000111100000000111110000
0000000111100000000011111000
0000001111100000000001111000
0000001111100000000001111100
0000001111100000000000111100
0000001111000000000000111100
0000001111000000000000111100
0000001111000000000000111100
0000001111000000000001111000
0000001111100000000111111000
0000001111111101111111110000
0000000111111111111111100000
0000000011111111111110000000
0000000000111111111000000000
0000000000000000000000000000
0000000000000000000000000000
0000000000000000000000000000
0000000000000000000000000000
