0000000000000000000000000000
0000000000000000000000000000
0000000000000000000000000000
0000000000000000000000000000
0000000000000111111100000000
0000000000001111111110000000
0000000000011111111110000000
0000000000011111001110000000
0000000000111110011100000000
0000000000111100111110000000
0000000001111000011110000000
0000000001111000001110000000
0000000011110000000111000000
0000000011110000000111000000
0000000111100000000111100000
0000000111100000000111100000
0000000111000000000111100000
0000000111000000000111000000
0000000111000000001111000000
0000000111000000011110000000
0000000111100000111100000000
0000000111111111111100000000
0000000011111111111000000000
0000000011111111110000000000
0000000000000000000000000000
0000000000000000000000000000
0000000000000000000000000000
0000000000000000000000000000
