0000000000000000000000000000
0000000000000000000000000000
0000000000000000000000000000
0000000000000000000000000000
0000000000001111000000000000
0000000000011111000000000000
0000000000111000000000000000
0000000001111111111000000000
0000000001111111111100000000
0000000001111111111100000000
0000000001100010111100000000
0000000001100000011110000000
0000000011100000001110000000
0000000011100000001110000000
0000000011100000000110000000
0000000011100000000110000000
0000000111100000000110000000
0000000111100000000110000000
0000000011100000000111000000
0000000011110000000111000000
0000000001111000011111000000
0000000001111111111110000000
0000000000111111111100000000
0000000000011111111000000000
0000000000000000000000000000
0000000000000000000000000000
0000000000000000000000000000
0000000000000000000000000000
