0000000000000000000000000000
0000000000000000000000000000
0000000000000000000000000000
0000000000000000000000000000
0000000000000000000000000000
0000000000000011111000000000
0000000000011111111100000000
0000000000111111111110000000
0000000000111111001110000000
0000000000001110000111000000
0000000000011100000111000000
0000000000011100000111100000
0000000000111000000111100000
0000000001111000000111100000
0000000001110000000111000000
0000000001110000001111000000
0000000011100000001110000000
0000000111100000011110000000
0000000111100000011100000000
0000000111000000111100000000
0000000111000001111000000000
0000000111000011111000000000
0000000111101111110000000000
0000000111111111100000000000
0000000001111110000000000000
0000000000000000000000000000
0000000000000000000000000000
0000000000000000000000000000
