0000000000000000000000000000
0000000000000000000000000000
0000000000000000000000000000
0000000000000000000000000000
0000000000001111110000000000
0000000000011111111000000000
0000000000011111111000000000
0000000000111111111000000000
0000000000111100111100000000
0000000001111000011100000000
0000000001111000011110000000
0000000001111000011110000000
0000000001111000011110000000
0000000001111000011110000000
0000000001111110011110000000
0000000001111110011110000000
0000000001111110011110000000
0000000001111000011100000000
0000000001110000111100000000
0000000001110000111100000000
0000000001111001111100000000
0000000001111111111000000000
0000000000111111111000000000
0000000000011111110000000000
0000000000000000000000000000
0000000000000000000000000000
0000000000000000000000000000
0000000000000000000000000000
