0000000000000000000000000000
0000000000000000000000000000
0000000000000000000000000000
0000000000000000000000000000
0000000000000011000000000000
0000000000000111110000000000
0000000000000011111100000000
0000000000000111111000000000
0000000000001111111100000000
0000000000011111111100000000
0000000000011111111100000000
0000000000111110111100000000
0000000000111100111100000000
0000000001111100111100000000
0000000001111100111100000000
0000000011110001111000000000
0000000011110001111000000000
0000000011110001111000000000
0000000011110011111000000000
0000000011110011110000000000
0000000011111111110000000000
0000000001111111100000000000
0000000001111111100000000000
0000000000111110000000000000
0000000000000000000000000000
0000000000000000000000000000
0000000000000000000000000000
0000000000000000000000000000
