0000000000000000000000000000
0000000000000000000000000000
0000000000000000000000000000
0000000000000000000000000000
0000000000001111111000000000
0000000000111111111110000000
0000000011111111111111000000
0000000011111111001111100000
0000000111000011000111100000
0000000111000000000111100000
0000001110000000000001110000
0000011110000000000001100000
0000011100000000000001110000
0000011100000000000001110000
0000111000000000000001110000
0000111000000000000001110000
0000111100000000000001110000
0000011110000000000001100000
0000011111000000000111100000
0000001111110000001111100000
0000001111111011111111000000
0000000111111111111111000000
0000000011111111111100000000
0000000011111111111000000000
0000000000000000000000000000
0000000000000000000000000000
0000000000000000000000000000
0000000000000000000000000000
