0000000000000000000000000000
0000000000000000000000000000
0000000000000000000000000000
0000000000000000000000000000
0000000000000001111100000000
0000000000000011111110000000
0000000000000111111110000000
0000000000001111111110000000
0000000000001111111110000000
0000000000001111111110000000
0000000000011111001110000000
0000000000011111001110000000
0000000000011110011110000000
0000000001111100011110000000
0000000001111100011110000000
0000000011111000011100000000
0000000011110000111100000000
0000000111110000111000000000
0000000111100001111000000000
0000000111000111110000000000
0000000111001111110000000000
0000000111111111100000000000
0000000111111110000000000000
0000000011111100000000000000
0000000000000000000000000000
0000000000000000000000000000
0000000000000000000000000000
0000000000000000000000000000
