0000000000000000000000000000
0000000000000000000000000000
0000000000000000000000000000
0000000000000000000000000000
0000000000000000011111100000
0000000000000001111111100000
0000000000000011111111100000
0000000000000111100011100000
0000000000011111000001100000
0000000000111110000011100000
0000000000111100000011100000
0000000001111000000011100000
0000000001110000000011100000
0000000011100000000111000000
0000000111100000000111000000
0000001111000000000110000000
0000001111000000001110000000
0000001110000000011100000000
0000011110000000111000000000
0000011110000001111000000000
0000011110000011110000000000
0000001111111111100000000000
0000001111111110000000000000
0000000111111100000000000000
0000000000000000000000000000
0000000000000000000000000000
0000000000000000000000000000
0000000000000000000000000000
