0000000000000000000000000000
0000000000000000000000000000
0000000000000000000000000000
0000000000000000000000000000
0000000000000000000000000000
0000000000000011111100000000
0000000000001111111110000000
0000000000011111111110000000
0000000000111111111111000000
0000000001111111011111000000
0000000011111111000111100000
0000000111111111000111100000
0000000111110010000111100000
0000001111100000000111100000
0000001111000000000111100000
0000001110000000001111100000
0000011100000000011111100000
0000011100000000011111000000
0000011100000001111111000000
0000011100000011111110000000
0000011100000111111110000000
0000011110011111111100000000
0000001111111111110000000000
0000001111111111000000000000
0000000111111100000000000000
0000000000000000000000000000
0000000000000000000000000000
0000000000000000000000000000
