0000000000000000000000000000
0000000000000000000000000000
0000000000000000000000000000
0000000000000000000000000000
0000000000000000111110000000
0000000000000001111111000000
0000000000000011111111110000
0000000000000111111111110000
0000000000001111111111110000
0000000000111111111111110000
0000000000111111111011110000
0000000001111111110011110000
0000000111111110000111110000
0000000111111100001111110000
0000001111111000001111110000
0000111111110000111111100000
0000111111100001111111000000
0000111111001111111110000000
0000111111111111111100000000
0000111111111111111000000000
0000111111111111110000000000
0000111111111111000000000000
0000001111111000000000000000
0000000000000000000000000000
0000000000000000000000000000
0000000000000000000000000000
0000000000000000000000000000
0000000000000000000000000000
