0000000000000000000000000000
0000000000000000000000000000
0000000000000000000000000000
0000000000000000000000000000
0000000000000000000000000000
0000000000000011100000000000
0000000000000111100000000000
0000000000111111110000000000
0000000000111111111100000000
0000000001111111111110000000
0000000001111100001111000000
0000000001111000000111000000
0000000001110000000011100000
0000000011110000000011100000
0000000011110000000011000000
0000000111100000000011100000
0000000111000000000111000000
0000000111000000000111000000
0000000111000000001110000000
0000000111000000011110000000
0000000111000000111100000000
0000000111000001111000000000
0000000011111111110000000000
0000000011111111100000000000
0000000001111111000000000000
0000000000000000000000000000
0000000000000000000000000000
0000000000000000000000000000
