0000000000000000000000000000
0000000000000000000000000000
0000000000000000000000000000
0000000000000000000000000000
0000000000000000111110000000
0000000000000001111110000000
0000000000000011111111000000
0000000000000111111111000000
0000000000011111111111000000
0000000000011111101111000000
0000000000111111001111000000
0000000001111110001111100000
0000000011111000001111000000
0000000111110000001111000000
0000000111110000001111000000
0000001111100000001111000000
0000011111000000011111000000
0000011111000000011111000000
0000011110000001111110000000
0000011110000011111110000000
0000011110001111111100000000
0000011111111111111000000000
0000011111111111100000000000
0000001111111110000000000000
0000000000000000000000000000
0000000000000000000000000000
0000000000000000000000000000
0000000000000000000000000000
