0000000000000000000000000000
0000000000000000000000000000
0000000000000000000000000000
0000000000000000000000000000
0000000000000000000000000000
0000000000001111110000000000
0000000000001111111100000000
0000000000011111111100000000
0000000000111111111100000000
0000000000111100111100000000
0000000000111000111000000000
0000000001111000111000000000
0000000001110000111000000000
0000000001110000111000000000
0000000001100000111000000000
0000000011100000111000000000
0000000011100000111000000000
0000000011100000111000000000
0000000011100001110000000000
0000000011100001110000000000
0000000011100011110000000000
0000000011111111100000000000
0000000001111111100000000000
0000000001111111100000000000
0000000000111110000000000000
0000000000000000000000000000
0000000000000000000000000000
0000000000000000000000000000
