0000000000000000000000000000
0000000000000000000000000000
0000000000000000000000000000
0000000000000000000000000000
0000000000000000000000000000
0000000000000000000000000000
0000000000000000000011111000
0000000000000000001111111000
0000000000000001111111001000
0000000000000011111110001000
0000000000001111110000111000
0000000000011111000001111000
0000000001111100000001110000
0000000011111000000011110000
0000000111110000000111100000
0000001111100000001111000000
0000011110000000111110000000
0000011110000001111100000000
0000011100000111111000000000
0000011111111111100000000000
0000011111111110000000000000
0000001111110000000000000000
0000000000000000000000000000
0000000000000000000000000000
0000000000000000000000000000
0000000000000000000000000000
0000000000000000000000000000
0000000000000000000000000000
