0000000000000000000000000000
0000000000000000000000000000
0000000000000000000000000000
0000000000000000000000000000
0000000000001111111000000000
0000000000111111111110000000
0000000001111111111111000000
0000000001111001111111100000
0000000011110011111111110000
0000000011111111100111110000
0000000001111111000011110000
0000000111111110000001110000
0000001111111000000001110000
0000011111100000000001110000
0000011111000000000001110000
0000111110000000000111110000
0000111100000000000111110000
0000111100000000001111100000
0000111100000000011111100000
0000111111110011111111000000
0000111111111111111110000000
0000011111111111111100000000
0000001111111111111000000000
0000000001111100000000000000
0000000000000000000000000000
0000000000000000000000000000
0000000000000000000000000000
0000000000000000000000000000
