0000000000000000000000000000
0000000000000000000000000000
0000000000000000000000000000
0000000000000000000000000000
0000000000000000000000000000
0000000001100111111000000000
0000000111111111111000000000
0000000111111111111110000000
0000011111111111111111000000
0000011111111111111111100000
0000011111111100011111100000
0000011111111000001111110000
0000011111000000001111111000
0000011110000000000111111000
0000011110000000000111111000
0000011110000000000111110000
0000011110000000000111110000
0000011111000000000111110000
0000011111000000000111110000
0000011111100000000111110000
0000011111110000001111110000
0000011111110000011111100000
0000000011111111111111000000
0000000001111111111110000000
0000000001111111111000000000
0000000000000000000000000000
0000000000000000000000000000
0000000000000000000000000000
