0000000000000000000000000000
0000000000000000000000000000
0000000000000000000000000000
0000000000000000000000000000
0000000000000000000000000000
0000000000000000111111000000
0000000000000001111111100000
0000000000000011111111100000
0000000000000011111111110000
0000000000000111100111110000
0000000000001111000110110000
0000000000011111000001110000
0000000000111110000001110000
0000000000111100000001100000
0000000001111000000001100000
0000000011110000000001100000
0000000011110000000011000000
0000000111100000000011000000
0000000111100000000111000000
0000001111000000000110000000
0000001111100000010000000000
0000001111100000110000000000
0000001111101111100000000000
0000001111111111000000000000
0000000111111100000000000000
0000000000000000000000000000
0000000000000000000000000000
0000000000000000000000000000
