0000000000000000000000000000
0000000000000000000000000000
0000000000000000000000000000
0000000000000000000000000000
0000000000000011111000000000
0000000000000111111100000000
0000000000011111111110000000
0000000000011111111111000000
0000000000111110111111000000
0000000011111110111111000000
0000001111111100011111000000
0000001111111100011111000000
0000001111110000011111000000
0000001111010000011111000000
0000001111000000111111000000
0000001111000000111110000000
0000001111000000111100000000
0000001111100000111100000000
0000000111110011111100000000
0000000111110011111000000000
0000000111111111111000000000
0000000011111111111000000000
0000000011111111110000000000
0000000000111111100000000000
0000000000000000000000000000
0000000000000000000000000000
0000000000000000000000000000
0000000000000000000000000000
