0000000000000000000000000000
0000000000000000000000000000
0000000000000000000000000000
0000000000000000000000000000
0000000000000001111111000000
0000000000000001111111000000
0000000000000111111111000000
0000000000011111111111100000
0000000000111111111111100000
0000000000111111110111100000
0000000011111110000111100000
0000000011111000001111100000
0000000111110000011111100000
0000001111110000011111100000
0000011111100000111111000000
0000011111100000111111000000
0000111111000011111110000000
0000111100000011111100000000
0000111000001111111100000000
0000111001111111110000000000
0000111111111111110000000000
0000111111111110000000000000
0000111111111110000000000000
0000011111111000000000000000
0000000000000000000000000000
0000000000000000000000000000
0000000000000000000000000000
0000000000000000000000000000
