0000000000000000000000000000
0000000000000000000000000000
0000000000000000000000000000
0000000000000000000000000000
0000000000000001111000000000
0000000000000001111100000000
0000000000000001111100000000
0000000000000111111110000000
0000000000001111111110000000
0000000000011111111110000000
0000000000111111101110000000
0000000001111111001110000000
0000000001111110001110000000
0000000011111000001110000000
0000000011111000001110000000
0000000111110000011110000000
0000001111110000011110000000
0000001111000000111100000000
0000001111000001111100000000
0000001111000111111000000000
0000001111111111111000000000
0000001111111111110000000000
0000000111111111000000000000
0000000111111110000000000000
0000000000000000000000000000
0000000000000000000000000000
0000000000000000000000000000
0000000000000000000000000000
