0000000000000000000000000000
0000000000000000000000000000
0000000000000000000000000000
0000000001110000010000000000
0000000011110000011000000000
0000000011100000011000000000
0000000011000000011000000000
0000000011000000011100000000
0000000111000000011100000000
0000000111000000001110000000
0000000111000000001110000000
0000000111000000000110000000
0000000111000000000111000000
0000000111000000000111000000
0000000011100000000011000000
0000000011100000000011000000
0000000011100000000011100000
0000000011110000000011100000
0000000001111000000011000000
0000000000111000000111000000
0000000000111111111111000000
0000000000011111111111000000
0000000000000111111000000000
0000000000000000000000000000
0000000000000000000000000000
0000000000000000000000000000
0000000000000000000000000000
0000000000000000000000000000
