0000000000000000000000000000
0000000000000000000000000000
0000000000000000000000000000
0000000000000000000000000000
0000000000000000000000000000
0000000000000101111110000000
0000000000001111111111000000
0000000000011111100111100000
0000000001111110000011100000
0000000001111000000001100000
0000000001110000000001100000
0000000011100000000001110000
0000000011100000000001100000
0000000111000000000001100000
0000000111000000000001100000
0000001111000000000001100000
0000001110000000000001100000
0000000110000000000001100000
0000000111000000000001100000
0000000111000000000011100000
0000000111000000000011100000
0000000111100000000111100000
0000000111110000000111000000
0000000011111000001111000000
0000000011111110011110000000
0000000000000000000000000000
0000000000000000000000000000
0000000000000000000000000000
