0000000000000000000000000000
0000000000000000000000000000
0000000000000000000000000000
0000000000000000000000000000
0000000000000001111000000000
0000000000000111111100000000
0000000000001111111100000000
0000000000011111111100000000
0000000000011111111100000000
0000000000111111111100000000
0000000000111110011100000000
0000000001111100011100000000
0000000011111000011110000000
0000000011111000011110000000
0000000011110000001110000000
0000000011110000001110000000
0000000011100000001110000000
0000000011100000011110000000
0000000011100000011110000000
0000000011111001111110000000
0000000011111111111100000000
0000000001111111111100000000
0000000000111111111000000000
0000000000011111110000000000
0000000000000000000000000000
0000000000000000000000000000
0000000000000000000000000000
0000000000000000000000000000
