0000000000000000000000000000
0000000000000000000000000000
0000000000000000000000000000
0000000000000000011100000000
0000000000000000111100000000
0000000000000001111100000000
0000000000000011111110000000
0000000000000111101110000000
0000000000001111001110000000
0000000000011111001110000000
0000000000011110001110000000
0000000000111100001110000000
0000000001111000001110000000
0000000011111000001110000000
0000000011110000011110000000
0000000111110000011110000000
0000000111100000011110000000
0000000111100000011110000000
0000000111000000111100000000
0000000111000011111100000000
0000000111111111111000000000
0000000011111111110000000000
0000000011111111000000000000
0000000000000000000000000000
0000000000000000000000000000
0000000000000000000000000000
0000000000000000000000000000
0000000000000000000000000000
