0000000000000000000000000000
0000000000000000000000000000
0000000000000000000000000000
0000000000000000000000000000
0000000000000011110000000000
0000000000001111110000000000
0000000000011111110000000000
0000000000111111111000000000
0000000000111111111100000000
0000000001111000111110000000
0000000011110000011110000000
0000000011110000001111000000
0000000111100000000111100000
0000000111100000000111100000
0000001111000000000111100000
0000001111000000000011100000
0000001111000000000011100000
0000001111000000000111100000
0000000111100000000111100000
0000000111110000001111000000
0000000011111100011110000000
0000000001111111111110000000
0000000000111111111100000000
0000000000001111111000000000
0000000000000000000000000000
0000000000000000000000000000
0000000000000000000000000000
0000000000000000000000000000
