0000000000000000000000000000
0000000000000000000000000000
0000000000000000000000000000
0000000000000000000000000000
0000000000000000000000000000
0000000000001111000111000000
0000000000011111111111110000
0000000000111111111111110000
0000000001111111110001111000
0000000011110111000000111000
0000000011100111000000111000
0000000111100011000000011000
0000001111000000000000011000
0000001111000000000000111000
0000011110000000000000111000
0000011100000000000001110000
0000011100000000000011110000
0000011100000000000111100000
0000011000000000001111000000
0000011000000000111110000000
0000011100000011111100000000
0000011100011111111000000000
0000011111111111100000000000
0000001111111110000000000000
0000000011100000000000000000
0000000000000000000000000000
0000000000000000000000000000
0000000000000000000000000000
