0000000000000000000000000000
0000000000000000000000000000
0000000000000000000000000000
0000000000000000000000000000
0000000000000000000000000000
0000000000001111111100000000
0000000000111111111111000000
0000000001111111111111000000
0000000001111111111111100000
0000000011111111100111110000
0000000111111111000011110000
0000001111111110000001111000
0000001111011110000001111000
0000001111001110000001111000
0000011110000110000001111000
0000011110000000000000111000
0000011100000000000001111000
0000011100000000000001111000
0000011100000000000011111000
0000011100000000001111110000
0000011100000000111111100000
0000011100000111111110000000
0000011111111111111000000000
0000011111111111100000000000
0000001111111110000000000000
0000000000000000000000000000
0000000000000000000000000000
0000000000000000000000000000
