0000000000000000000000000000
0000000000000000000000000000
0000000000000000000000000000
0000000000000000000000000000
0000000001100001100000000000
0000000011101111111000000000
0000000011101111111100000000
0000000111100000011110000000
0000000111000000001111000000
0000000111000000001111000000
0000000111000000000111000000
0000000111000000000011100000
0000001111000000000011100000
0000001111000000000011100000
0000000111000000000011110000
0000000111000000000011110000
0000000111000000000001110000
0000000111100000000001110000
0000000111110000000001110000
0000000111111000000011110000
0000000011111110000011100000
0000000001111111111111100000
0000000000011111111111000000
0000000000001111111110000000
0000000000000000000000000000
0000000000000000000000000000
0000000000000000000000000000
0000000000000000000000000000
