0000000000000000000000000000
0000000000000000000000000000
0000000000000000000000000000
0000000000011110000000000000
0000000000111111100000000000
0000000000111111110000000000
0000000000111111111100000000
0000000000111111111110000000
0000000011111001111111000000
0000000011011000011111000000
0000001111100000001111100000
0000001111100000001111100000
0000001111000000000111100000
0000001110000000000111100000
0000011110000000000111100000
0000011110000000001111100000
0000011110000000001111100000
0000011110000000011111100000
0000001111000001111111100000
0000001111111011111111000000
0000001111111111111110000000
0000000111111111111100000000
0000000011111111110000000000
0000000000000000000000000000
0000000000000000000000000000
0000000000000000000000000000
0000000000000000000000000000
0000000000000000000000000000
