0000000000000000000000000000
0000000000000000000000000000
0000000000000000000000000000
0000000000000000000000000000
0000000000000000000000000000
0000000000000000000000000000
0000000000000111100000000000
0000000000011111100000000000
0000000000111111100000000000
0000000001111110000000000000
0000000111111111111111000000
0000011111111111111111100000
0000011111111111111111110000
0000011111111000000111110000
0000011110000000000001111000
0000011110000000110000111000
0000011100000000110001111000
0000011110000000110111111000
0000001111000001111111110000
0000001111111111111111000000
0000000111111111111100000000
0000000111111111110000000000
0000000000000000000000000000
0000000000000000000000000000
0000000000000000000000000000
0000000000000000000000000000
0000000000000000000000000000
0000000000000000000000000000
