0000000000000000000000000000
0000000000000000000000000000
0000000000000000000000000000
0000000000000000000000000000
0000000000001111110000000000
0000000000111111111000000000
0000000000111100111000000000
0000000001111000011100000000
0000000001110000111100000000
0000000011100000111100000000
0000000011100000011110000000
0000000011000000001110000000
0000000111000000001111000000
0000000111000000000111000000
0000000111000000000011000000
0000000111000000000011000000
0000000111000000000011000000
0000000111000000000011000000
0000000011000000000011000000
0000000011100000001111000000
0000000011110000011110000000
0000000001111000111100000000
0000000000111111111100000000
0000000000011111110000000000
0000000000000000000000000000
0000000000000000000000000000
0000000000000000000000000000
0000000000000000000000000000
