0000000000000000000000000000
0000000000000000000000000000
0000000000000000000000000000
0000000000000000000000000000
0000000000000000000000000000
0000000000011111111110000000
0000000000111111111111000000
0000000011111111111111100000
0000000111111000001111110000
0000000111111111111111110000
0000001111111111111111110000
0000011111100000000101110000
0000111111000000000001110000
0000111100000000000011110000
0000111000000000000011110000
0000110000000000000111110000
0000110000000000000111100000
0000110000000000001111000000
0000111000000000001111000000
0000111100000000011110000000
0000111110000000111110000000
0000011111100011111100000000
0000001111111111111000000000
0000000011111111110000000000
0000000011111111000000000000
0000000000000000000000000000
0000000000000000000000000000
0000000000000000000000000000
