0000000000000000000000000000
0000000000000000000000000000
0000000000000000000000000000
0000000000000111100000000000
0000000000001111110000000000
0000000000001111100000000000
0000000000011111000000000000
0000000000111110000000000000
0000000000111101000000000000
0000000001111101110000000000
0000000001111000111000000000
0000000001111000111100000000
0000000001111000011110000000
0000000011110000001110000000
0000000011110000001111000000
0000000011110000001111000000
0000000011110000001111000000
0000000011110000001111000000
0000000011110000011111000000
0000000001110000011110000000
0000000001110001111110000000
0000000001111111111110000000
0000000000111111111100000000
0000000000000000000000000000
0000000000000000000000000000
0000000000000000000000000000
0000000000000000000000000000
0000000000000000000000000000
