0000000000000000000000000000
0000000000000000000000000000
0000000000000000000000000000
0000000000000000000000000000
0000000000000000000000000000
0000000000000000000000000000
0000000000000000000000000000
0000000000000001111111100000
0000000000001111111111110000
0000000000001111111111111000
0000000000011111110111111000
0000000000111111101111111000
0000000011111110001111110000
0000000111111000001111100000
0000001111110000001111100000
0000001111100000001111100000
0000001111100000011111100000
0000011111000111111111000000
0000011111111111111100000000
0000011111111111110000000000
0000011111111111000000000000
0000011111111100000000000000
0000001111100000000000000000
0000000000000000000000000000
0000000000000000000000000000
0000000000000000000000000000
0000000000000000000000000000
0000000000000000000000000000
