0000000000000000000000000000
0000000000000000000000000000
0000000000000000000000000000
0000000000000000000000000000
0000000000000000000000000000
0000000000000000000011110000
0000000000000000011111110000
0000000000000011111111110000
0000000000000111111111110000
0000000000111111111111100000
0000000000111111111111100000
0000000011111111011111100000
0000000111111110011111100000
0000001111110000011111100000
0000011111100000011111000000
0000111111000000011111000000
0000111110000000111110000000
0000111110000001111110000000
0000111100000011111110000000
0000111110001111111100000000
0000111111111111111100000000
0000111111111111110000000000
0000011111111111000000000000
0000001111111100000000000000
0000000000000000000000000000
0000000000000000000000000000
0000000000000000000000000000
0000000000000000000000000000
