0000000000000000000000000000
0000000000000000000000000000
0000000000000000000000000000
0000000000000000000000000000
0000000000000001111100000000
0000000000000111111110000000
0000000000000111111111000000
0000000010000111001111000000
0000000111000000001111100000
0000000111100000001111100000
0000001111100000000111100000
0000001111100000000111100000
0000001111100000000111110000
0000001111000000000111110000
0000001111000000000111110000
0000001111000000000111100000
0000001111100000000111100000
0000001111100000001111100000
0000001111100000011111100000
0000001111110000111111000000
0000000111111111111110000000
0000000111111111111110000000
0000000011111111111000000000
0000000001111111100000000000
0000000000000000000000000000
0000000000000000000000000000
0000000000000000000000000000
0000000000000000000000000000
