0000000000000000000000000000
0000000000000000000000000000
0000000000000000000000000000
0000000000000000000000000000
0000000000000000000000000000
0000000000000011111110000000
0000000000001111111110000000
0000000000011111111111000000
0000000000011111111111000000
0000000000111111111110000000
0000000011111111111110000000
0000000111111110011110000000
0000000111111100011111000000
0000001111000000011111000000
0000001111000000011111000000
0000011110000000001111000000
0000011110000000011111000000
0000011000000000011110000000
0000111100000000011110000000
0000111100000001111110000000
0000111100000111111100000000
0000011111111111110000000000
0000001111111111110000000000
0000011111111111000000000000
0000011111100000000000000000
0000000000000000000000000000
0000000000000000000000000000
0000000000000000000000000000
