0000000000000000000000000000
0000000000000000000000000000
0000000000000000000000000000
0000000000000001111100000000
0000000000000111111110000000
0000000000001111110111000000
0000000000011110000011000000
0000000001111100000011000000
0000000001111000011111000000
0000000011100000111111100000
0000000111100000111111110000
0000001111000000000011110000
0000011110000000000001110000
0000011110000000000000110000
0000111100000000000000110000
0000111000000000000001110000
0000111000000000000011110000
0000111000000000000111110000
0000111000000000001111100000
0000111100000000111111000000
0000111111111111111100000000
0000011111111111111000000000
0000000111111111100000000000
0000000000000000000000000000
0000000000000000000000000000
0000000000000000000000000000
0000000000000000000000000000
0000000000000000000000000000
