0000000000000000000000000000
0000000000000000000000000000
0000000000000000000000000000
0000000000000000000000000000
0000000000000000000000000000
0000000000000000000111000000
0000000000000000001111100000
0000000000000000111111110000
0000000000000011111111110000
0000000000001111110011110000
0000000000011111100001110000
0000000001111110000001110000
0000000011111000000011110000
0000000111110000000111110000
0000001111100000001111100000
0000011110000000001111100000
0000111110000000111110000000
0000111100000001111100000000
0000111000000111111000000000
0000111000011111110000000000
0000111111111111100000000000
0000111111111110000000000000
0000011111111100000000000000
0000000000000000000000000000
0000000000000000000000000000
0000000000000000000000000000
0000000000000000000000000000
0000000000000000000000000000
