0000000000000000000000000000
0000000000000000000000000000
0000000000000000000000000000
0000000000000000000000000000
0000000000011100000000000000
0000000000111110000000000000
0000000001111111111000000000
0000000011111111111111000000
0000000111100011111111100000
0000001111000000000111110000
0000001110000000000001110000
0000011110000000000001111000
0000011100000000000001111000
0000011100000000000000111000
0000011100000000000000111000
0000011100000000000000111000
0000011100000000000000111000
0000011100000000000000111000
0000011110000000000000111000
0000001111000000000001111000
0000000111111000000111110000
0000000111111111111111100000
0000000001111111111111000000
0000000000011111111100000000
0000000000000000000000000000
0000000000000000000000000000
0000000000000000000000000000
0000000000000000000000000000
