0000000000000000000000000000
0000000000000000000000000000
0000000000000000000000000000
0000000000000000000000000000
0000000001100011111100000000
0000000011110011111110000000
0000000111111011111110000000
0000000111111011111111100000
0000000111111011111111100000
0000001111111001111111100000
0000001111111000001111100000
0000011111100000001111100000
0000011111100000001111100000
0000011111100000001111100000
0000011110000000001111100000
0000011110000000011111100000
0000111110000000011111100000
0000111110000000111111100000
0000011110000000111111100000
0000011110000011111111100000
0000011110001111111111000000
0000011111111111111110000000
0000001111111111111110000000
0000000111111111111100000000
0000000000000000000000000000
0000000000000000000000000000
0000000000000000000000000000
0000000000000000000000000000
