0000000000000000000000000000
0000000000000000000000000000
0000000000000000000000000000
0000000000000000000011100000
0000000000000000000011100000
0000000000000000111111100000
0000000000000001111111100000
0000000000000111111111100000
0000000000001111111111100000
0000000000011111101111100000
0000000000111111000111100000
0000000001111110000111100000
0000000011111000000111100000
0000000111110000001111000000
0000000111100000001111000000
0000001111100000111110000000
0000001111000000111110000000
0000011110000001111100000000
0000111110001111111000000000
0000111100111111110000000000
0000111111111111100000000000
0000011111111110000000000000
0000011111110000000000000000
0000000000000000000000000000
0000000000000000000000000000
0000000000000000000000000000
0000000000000000000000000000
0000000000000000000000000000
