0000000000000000000000000000
0000000000000000000000000000
0000000000000000000000000000
0000000000000000000000000000
0000000000000000000000000000
0000000000000011111110000000
0000000000000111111111100000
0000000000111111111111110000
0000000001111111000111110000
0000000011111110000000111000
0000000011111110000000111000
0000000111000110000000111000
0000000111000000000000111000
0000011110000000000001111000
0000011110000000000001110000
0000011100000000000011100000
0000011000000000000011100000
0000011000000000001111000000
0000011000000000011110000000
0000011100000000011000000000
0000011100000000011000000000
0000011110000011110000000000
0000001111000111100000000000
0000000111111111000000000000
0000000111111110000000000000
0000000000000000000000000000
0000000000000000000000000000
0000000000000000000000000000
