0000000000000000000000000000
0000000000000000000000000000
0000000000000000000000000000
0000000000000001110000000000
0000000000000001111000000000
0000000000000011111000000000
0000000000001111111000000000
0000000000001111111100000000
0000000000111111111100000000
0000000001111111011110000000
0000000011111111011110000000
0000000111111110011111000000
0000001111111000001111000000
0000001111110000001111000000
0000001111100000001111000000
0000011111000000000111000000
0000011111000000000111000000
0000011111000000001111000000
0000011111100000011111000000
0000001111111111111111000000
0000001111111111111111000000
0000000111111111111100000000
0000000011111111110000000000
0000000000000000000000000000
0000000000000000000000000000
0000000000000000000000000000
0000000000000000000000000000
0000000000000000000000000000
