0000000000000000000000000000
0000000000000000000000000000
0000000000000000000000000000
0000000000000000000000000000
0000000000000000000000000000
0000000011001111110000000000
0000001111111111111000000000
0000011111110111111110000000
0000011111110001111111000000
0000111111000000001111000000
0000111110000000000111100000
0000111100000000000011110000
0000111000000000000011110000
0000111000000000000001110000
0000111100000000000011110000
0000111100000000000011110000
0000011100000000000011110000
0000011110000000000111110000
0000011110000000000111100000
0000001110000000001111100000
0000000111000000011111100000
0000000111000001111111000000
0000000011100011111110000000
0000000011111111111110000000
0000000001111111111000000000
0000000000000000000000000000
0000000000000000000000000000
0000000000000000000000000000
