0000000000000000000000000000
0000000000000000000000000000
0000000000000000000000000000
0000000000000000000000000000
0000000000000000000000000000
0000000000000001111100000000
0000000000001111111111000000
0000000000011111111111100000
0000000001111111111111110000
0000000111111111111111111000
0000000111111111100011111000
0000011111111110000011111000
0000011111111100000011111000
0000011111111100000011111000
0000011111110000011111111000
0000011111100000011111111000
0000011111000001111111110000
0000011111111111111111100000
0000011111111111111111100000
0000011111111111111100000000
0000001111111111111100000000
0000000111111111110000000000
0000000001110000000000000000
0000000000000000000000000000
0000000000000000000000000000
0000000000000000000000000000
0000000000000000000000000000
0000000000000000000000000000
