0000000000000000000000000000
0000000000000000000000000000
0000000000000000000000000000
0000000000000000000000000000
0000001111111100000000000000
0000001111111111111000000000
0000001111111111111100000000
0000000000111111111110000000
0000000111110001111111000000
0000001111100000001111100000
0000001111100000000111110000
0000011111000000000011110000
0000011111000000000011111000
0000001111000000000011111000
0000011111000000000011111000
0000011111100000000111111000
0000001111100000000111110000
0000000111100000001111110000
0000000111110000011111100000
0000000111111001111111000000
0000000111111011111110000000
0000000011111111111110000000
0000000011111111110000000000
0000000001111111100000000000
0000000000000000000000000000
0000000000000000000000000000
0000000000000000000000000000
0000000000000000000000000000
