0000000000000000000000000000
0000000000000000000000000000
0000000000000000000000000000
0000000000000000000000000000
0000000000000001111100000000
0000000000000011111100000000
0000000000000111011100000000
0000000000001110001100000000
0000000000011100001100000000
0000000000111100001100000000
0000000000111000001110000000
0000000001110000000110000000
0000000001110000000110000000
0000000011100000000110000000
0000000011000000000110000000
0000000011000000000110000000
0000000011000000000110000000
0000000111000000000110000000
0000000111000000000110000000
0000000111000000001110000000
0000000111000000011100000000
0000000011100000111000000000
0000000011111111110000000000
0000000001111111100000000000
0000000000000000000000000000
0000000000000000000000000000
0000000000000000000000000000
0000000000000000000000000000
