0000000000000000000000000000
0000000000000000000000000000
0000000000000000000000000000
0000000000000000000000000000
0000000000000000000000000000
0000000000000000111100000000
0000000000000001111110000000
0000000000000011111111000000
0000000000001111111111000000
0000000000011111110011000000
0000000000111101100011100000
0000000001111000100011100000
0000000011110000000011100000
0000000011100000000011100000
0000000011100000000011000000
0000000111000000000011000000
0000000111000000000011000000
0000000111000000000111000000
0000000111000000000110000000
0000000111000000001110000000
0000000111000000011100000000
0000000111000000111100000000
0000000011110011111000000000
0000000011111111110000000000
0000000001111111100000000000
0000000000000000000000000000
0000000000000000000000000000
0000000000000000000000000000
