0000000000000000000000000000
0000000000000000000000000000
0001100000000000000000000000
0001100000000000000000000000
0000000000000000000000000000
0000000000000000000000000000
0000000000001110000000000000
0000000000011110011110000000
0000000000011110011111000000
0000000000011110011111100000
0000000001111110011111100000
0000000011111100011111100000
0000000011111100000011100000
0000000111111000000111100000
0000000111110000011111100000
0000001111100011111111100000
0000011111000011111111000000
0000011111001111111110000000
0000011111111111110000000000
0000011111111111000000000000
0000011111111110000000000000
0000000111101000000000000000
0000000000000000000000000000
0000000000000000000000000000
0000000000000000000000000000
0000000000000000000000000000
0000000000000000000000000000
0000000000000000000000000000
