0000000000000000000000000000
0000000000000000000000000000
0000000000000000000000000000
0000000000000000000000000000
0000000000000000000000000000
0000000000111111111000000000
0000000000111111111100000000
0000000001111111111110000000
0000000001111110111111000000
0000000011110111111111000000
0000000011110001111111000000
0000000011100011110111000000
0000000011100111100111000000
0000000011101111000111000000
0000000011101111000111000000
0000000011111110000111000000
0000000011111110000111000000
0000000011111100000111000000
0000000011111100001111000000
0000000011111100001111000000
0000000011111000011110000000
0000000011111000111100000000
0000000001111111111000000000
0000000000111111110000000000
0000000000111111110000000000
0000000000000000000000000000
0000000000000000000000000000
0000000000000000000000000000
