0000000000000000000000000000
0000000000000000000000000000
0000000000000000000000000000
0000000000000000000000000000
0000000000000111100000000000
0000000000001111110000000000
0000000000011111111000000000
0000000000111111111100000000
0000000000111111111110000000
0000000000111111000111000000
0000000001111001000111000000
0000000001111000000111000000
0000000001110000000111000000
0000000001110000000111000000
0000000011100000000111000000
0000000011100000000111000000
0000000011100000001110000000
0000000011100000001110000000
0000000011100000011110000000
0000000011100000111100000000
0000000011100001111100000000
0000000011111111111000000000
0000000001111111110000000000
0000000001111111100000000000
0000000000000000000000000000
0000000000000000000000000000
0000000000000000000000000000
0000000000000000000000000000
