0000000000000000000000000000
0000000000000000000000000000
0000000000000000000000000000
0000000000000000000000000000
0000000000011111110000000000
0000000000011111111000000000
0000000000111111111100000000
0000000000111111111100000000
0000000000001110111100000000
0000000000011110011110000000
0000000000111100011110000000
0000000000111000001110000000
0000000000111000001110000000
0000000000111000011110000000
0000000001110000011100000000
0000000001110000111100000000
0000000011110000111100000000
0000000011110001111000000000
0000000011110001111000000000
0000000011111011110000000000
0000000001111111110000000000
0000000001111111100000000000
0000000001111111000000000000
0000000001111110000000000000
0000000000000000000000000000
0000000000000000000000000000
0000000000000000000000000000
0000000000000000000000000000
