0000000000000000000000000000
0000000000000000000000000000
0000000000000000000000000000
0000000000000000000000000000
0000000000000000000000000000
0000000000000111111110000000
0000000000001111111111000000
0000000000111111111111000000
0000000001111111111111000000
0000000001111111101111100000
0000000011111111101111100000
0000000011111111101111100000
0000000011111011101111100000
0000000111111000001111000000
0000000111110000001111000000
0000000111110000001111000000
0000000111110000001111000000
0000000111110000011111000000
0000000111110000011111000000
0000000111110000011111000000
0000000111111001111110000000
0000000011111111111110000000
0000000011111111111100000000
0000000001111111111000000000
0000000000111111110000000000
0000000000000000000000000000
0000000000000000000000000000
0000000000000000000000000000
