0000000000000000000000000000
0000000000000000000000000000
0000000000000000000000000000
0000000000000000000000000000
0000000000000000000000000000
0000000000000111110000000000
0000000000001111111000000000
0000000000001110111000000000
0000000000011100011100000000
0000000000011100011100000000
0000000000011000001100000000
0000000000111000001110000000
0000000000111000001110000000
0000000000111000001110000000
0000000001110000001100000000
0000000001110000001100000000
0000000001110000001110000000
0000000001110000001100000000
0000000001110000011100000000
0000000001110000011000000000
0000000001110000111000000000
0000000001110000111000000000
0000000000111011110000000000
0000000000111111100000000000
0000000000011111000000000000
0000000000000000000000000000
0000000000000000000000000000
0000000000000000000000000000
