0000000000000000000000000000
0000000000000000000000000000
0000000000000000000000000000
0000000000000000000000000000
0000000000011111110000000000
0000000000111111111000000000
0000000001111111111100000000
0000000011111001111110000000
0000000111110000111110000000
0000000111110000001111000000
0000000111110000000111100000
0000001111110000000111100000
0000001111000000000011100000
0000000111000000000011110000
0000000111000000000001110000
0000000111100000000001110000
0000000111100000000011110000
0000000111100000000111110000
0000000011110000000111110000
0000000011110000001111100000
0000000001111000011111000000
0000000001111111111110000000
0000000000111111111100000000
0000000000011111110000000000
0000000000000000000000000000
0000000000000000000000000000
0000000000000000000000000000
0000000000000000000000000000
