0000000000000000000000000000
0000000000000000000000000000
0000000000000000000000000000
0000000000000000000000000000
0000000000000000000000000000
0000000000000000000000000000
0000000000000000000111110000
0000000000000000011111111000
0000000000000011111111111000
0000000000001111111100111000
0000000000011111100001111000
0000000001111111000001110000
0000000011111100000011110000
0000001111110000000011100000
0000001111100000000111100000
0000011111000000001111100000
0000011110000000001111000000
0000011100000000111110000000
0000011110000011111100000000
0000011111111111110000000000
0000001111111111100000000000
0000000111111110000000000000
0000000000000000000000000000
0000000000000000000000000000
0000000000000000000000000000
0000000000000000000000000000
0000000000000000000000000000
0000000000000000000000000000
