0000000000000000000000000000
0000000000000000000000000000
0000000000000000000000000000
0000000000000000000000000000
0000000000000000000000000000
0000000000000111100000000000
0000000000000111111110000000
0000000000011111111110000000
0000000000111111111111100000
0000000001111111111111110000
0000000111111111111111110000
0000000111111000001111110000
0000001111110000001111110000
0000011111110000001111111000
0000011111100000000111111000
0000011111100000000111111000
0000011111000000001111111000
0000011111100111111111110000
0000011111111111111111110000
0000011111111111111111100000
0000011111111111111100000000
0000001111111111110000000000
0000000000011110000000000000
0000000000000000000000000000
0000000000000000000000000000
0000000000000000000000000000
0000000000000000000000000000
0000000000000000000000000000
