0000000000000000000000000000
0000000000000000000000000000
0000000000000000000000000000
0000000000000000000000000000
0000000000000000000000000000
0000000000001110111111100000
0000000000011111111111100000
0000000000011111111111110000
0000000000111111111111110000
0000000000111111100001110000
0000000011111110000001110000
0000000011111110000001110000
0000000011111100000011110000
0000000111100000000011100000
0000000111100000000011100000
0000000111100000000011100000
0000000111100000000011110000
0000001111000000000111100000
0000001111000000000111100000
0000001111000000001111000000
0000001111000000011111000000
0000001111000000111110000000
0000000111000011111100000000
0000000111111111111000000000
0000000111111111110000000000
0000000000000000000000000000
0000000000000000000000000000
0000000000000000000000000000
