0000000000000000000000000000
0000000000000000000000000000
0000000000000000000000000000
0000000000000000000000000000
0000000000000011100000000000
0000000000000111100000000000
0000000000001111110000000000
0000000000001111111000000000
0000000000011111111000000000
0000000000011111111100000000
0000000000011111011100000000
0000000000111110011100000000
0000000000111100011100000000
0000000001111000011100000000
0000000001111000011100000000
0000000001111000011100000000
0000000001111000011100000000
0000000001111000111000000000
0000000001111001111000000000
0000000001111001111000000000
0000000001111011111000000000
0000000001111111110000000000
0000000000111111100000000000
0000000000011111000000000000
0000000000000000000000000000
0000000000000000000000000000
0000000000000000000000000000
0000000000000000000000000000
