0000000000000000000000000000
0000000000000000000000000000
0000000000000000000000000000
0000000000000000000000000000
0000000000000000000000000000
0000000000000000000000000000
0000000000000000011100000000
0000000000000111111100000000
0000000000011111111111100000
0000000000011111111111110000
0000000001111111111111110000
0000000011111001110000110000
0000000111110001100000110000
0000001111100000000001110000
0000011110000000000001110000
0000111100000000000011110000
0000111000000000000111100000
0000110000000000011111100000
0000111000000011111111000000
0000111111111111111100000000
0000111111111111110000000000
0000011111110000000000000000
0000000000000000000000000000
0000000000000000000000000000
0000000000000000000000000000
0000000000000000000000000000
0000000000000000000000000000
0000000000000000000000000000
