0000000000000000000000000000
0000000000000000000000000000
0000000000000000000000000000
0000000000000000000000000000
0000000000000000000000000000
0000000000000000110000000000
0000000000000000111000000000
0000000000001111111100000000
0000000000011111111100000000
0000000000011111111110000000
0000000000111110001110000000
0000000000111100001110000000
0000000000111000001110000000
0000000001111000001110000000
0000000001110000011110000000
0000000001110000011100000000
0000000001110000001100000000
0000000001110000011100000000
0000000011110000111100000000
0000000001110000111000000000
0000000001110011110000000000
0000000001111111110000000000
0000000000111111100000000000
0000000000011111100000000000
0000000000001111000000000000
0000000000000000000000000000
0000000000000000000000000000
0000000000000000000000000000
