0000000000000000000000000000
0000000000000000000000000000
0000000000000000000000000000
0000000000000000000000000000
0000000000011100000000000000
0000000000011111110000000000
0000000000111111111000000000
0000000001111100111110000000
0000000001111000011110000000
0000000001111000001110000000
0000000011110000000111000000
0000000011110000000111000000
0000000011110000000011000000
0000000011110000000011100000
0000000011100000000001100000
0000000011100000000001100000
0000000011100000000001100000
0000000011100000000001100000
0000000011110000000001100000
0000000001110000000011100000
0000000001111000000111000000
0000000000111111011111000000
0000000000011111111110000000
0000000000000111111100000000
0000000000000000000000000000
0000000000000000000000000000
0000000000000000000000000000
0000000000000000000000000000
