0000000000000000000000000000
0000000000000000000000000000
0000000000000000000000000000
0000000000000000000000000000
0000000000001111110000000000
0000000000011111111000000000
0000000000111111111100000000
0000000000111111111100000000
0000000001111100011100000000
0000000001111101111100000000
0000000011111001111100000000
0000000011110001111110000000
0000000111110000011110000000
0000000111110000011111000000
0000000111110000011111000000
0000000111110000011111100000
0000000111110000011111000000
0000000111110000011111000000
0000000111110000011111000000
0000000111111000111110000000
0000000111111111111110000000
0000000011111111111100000000
0000000001111111111100000000
0000000000111111110000000000
0000000000000000000000000000
0000000000000000000000000000
0000000000000000000000000000
0000000000000000000000000000
