0000000000000000000000000000
0000000000000000000000000000
0000000000000000000000000000
0000000000000000000000000000
0000000000000000000000000000
0000000000000000000111110000
0000000000000000001111110000
0000000000000000111111110000
0000000000000001111111110000
0000000000000111111001110000
0000000000001111110001110000
0000000000011111100001110000
0000000000111111000011100000
0000000001111010000111100000
0000000111110000000111000000
0000000111100000001110000000
0000001110000000011110000000
0000011110000000111100000000
0000111100000001111000000000
0000111000000111110000000000
0000111000001111100000000000
0000111001111110000000000000
0000111111111100000000000000
0000111111110000000000000000
0000001110000000000000000000
0000000000000000000000000000
0000000000000000000000000000
0000000000000000000000000000
