0000000000000000000000000000
0000000000000000000000000000
0000000000000000000000000000
0000000000000000000000000000
0000000000000000000000000000
0000000000000000000000000000
0000000000000001111111100000
0000000000001111111111110000
0000000000011111111111110000
0000000000111111111111111000
0000000000111110000001111000
0000000001111110000001111000
0000000011111100000000111000
0000000111111100000001111000
0000000111111100000001111000
0000001111100000000011111000
0000011111100000001111110000
0000011111000000011111110000
0000011110000011111111100000
0000011110011111111111000000
0000011111111111111100000000
0000011111111111111000000000
0000011111111111100000000000
0000000111111100000000000000
0000000000000000000000000000
0000000000000000000000000000
0000000000000000000000000000
0000000000000000000000000000
