0000000000000000000000000000
0000000000000000000000000000
0000000000000000000000000000
0000000000000000000000000000
0000000000000000011111000000
0000000000000001111111100000
0000000000000011111111100000
0000000000000111111111110000
0000000000001111111011100000
0000000000011111000011100000
0000000000011111000011100000
0000000000111110000111100000
0000000001111100000111100000
0000000001111000001111000000
0000000011110000011111000000
0000000111110000111110000000
0000001111100001111100000000
0000001111000011111000000000
0000011110000011110000000000
0000111110011111100000000000
0000111101111111000000000000
0000111111111100000000000000
0000111111111000000000000000
0000111111100000000000000000
0000000000000000000000000000
0000000000000000000000000000
0000000000000000000000000000
0000000000000000000000000000
