0000000000000000000000000000
0000000000000000000000000000
0000000000000000000000000000
0000000000000000000000000000
0000000000000000000000000000
0000000000000011111110000000
0000000000001111111111000000
0000000000011111111111100000
0000000000111111111111110000
0000000011111111100111110000
0000000011111110000011110000
0000000011111100000011110000
0000000011111100000011110000
0000000011111110000111110000
0000000111111110000111110000
0000000111111000001111100000
0000001111110000011111000000
0000001111100000011111000000
0000001111100000111110000000
0000001111100001111110000000
0000001111100001111100000000
0000001111111111111000000000
0000001111111111110000000000
0000000011111111000000000000
0000000011111110000000000000
0000000000000000000000000000
0000000000000000000000000000
0000000000000000000000000000
