0000000000000000000000000000
0000000000000000000000000000
0000000000000000000000000000
0000000000000000000000000000
0000000000000000000000000000
0000000000000000000000000000
0000000000000111111000000000
0000000000011111111111110000
0000000000111110011111111000
0000000001111100001111111000
0000000011111000011110111000
0000000111110000011110111000
0000001111100000000111110000
0000001110000000000001110000
0000011110000000000011110000
0000011100000000000111100000
0000011100000000001111000000
0000011000000000001110000000
0000011000000000011110000000
0000011100000001111000000000
0000011110001111111000000000
0000011111111111100000000000
0000001111111110000000000000
0000000011110000000000000000
0000000000000000000000000000
0000000000000000000000000000
0000000000000000000000000000
0000000000000000000000000000
