0000000000000000000000000000
0000000000000000000000000000
0000000000000000000000000000
0000000000000000000000000000
0000000000000000000000000000
0000000000001111111000000000
0000000000001111111100000000
0000000000011110111100000000
0000000000111100111100000000
0000000000111000111100000000
0000000000111000011110000000
0000000001111000001110000000
0000000001110000001110000000
0000000001110000001110000000
0000000001110000001110000000
0000000001110000001110000000
0000000001110000001110000000
0000000001110000001110000000
0000000001110000001110000000
0000000001110000001100000000
0000000001110000001100000000
0000000001111000011100000000
0000000000111111111100000000
0000000000111111111000000000
0000000000001111111000000000
0000000000000000000000000000
0000000000000000000000000000
0000000000000000000000000000
