0000000000000000000000000000
0000000000000000000000000000
0000000000000000000000000000
0000000000000000000000000000
0000000000000000000000000000
0000000000000001111111000000
0000000000000011111111100000
0000000000000111111111110000
0000000000011111111011110000
0000000000111111000001110000
0000000001111110000001110000
0000000001110000000001110000
0000000011100000000001110000
0000000111100000000001110000
0000000111000000000001110000
0000001111000000000011110000
0000001110000000000011110000
0000011100000000000111100000
0000011100000000000111000000
0000111000000000001110000000
0000111000000000011100000000
0000111000000001111000000000
0000111100001111100000000000
0000011111111111000000000000
0000011111111100000000000000
0000000000000000000000000000
0000000000000000000000000000
0000000000000000000000000000
