0000000000000000000000000000
0000000000000000000000000000
0000000000000000000000000000
0000000000000000000000000000
0000000000111110000000000000
0000000001111110000000000000
0000000001111111111000000000
0000000011111011111110000000
0000000111100001111110000000
0000000111000001101111000000
0000000111000001100011000000
0000000111000001000011100000
0000000110000000000011100000
0000000110000000000001100000
0000000110000000000001100000
0000000110000000000001100000
0000000111000000000001100000
0000000111000000000011100000
0000000011100000000011100000
0000000011100000000011100000
0000000001111000001111100000
0000000001111111111111000000
0000000000011111111110000000
0000000000001111111100000000
0000000000000000000000000000
0000000000000000000000000000
0000000000000000000000000000
0000000000000000000000000000
