0000000000000000000000000000
0000000000000000000000000000
0000000000000000000000000000
0000000000000000000000000000
0000000000000011111110000000
0000000000000011111111000000
0000000000000111111111100000
0000000000001111111111100000
0000000000011111111111110000
0000000000111111100111110000
0000000001111110000111110000
0000000001111100000111100000
0000000001111000001111100000
0000000011111000011111100000
0000000111100000111111100000
0000001111100001111111000000
0000001111000011111110000000
0000011111000111111110000000
0000011110011111111000000000
0000011101111111110000000000
0000111111111111100000000000
0000111111111111000000000000
0000111111111100000000000000
0000011111110000000000000000
0000000000000000000000000000
0000000000000000000000000000
0000000000000000000000000000
0000000000000000000000000000
