0000000000000000000000000000
0000000000000000000000000000
0000000000000000000000000000
0000000000000000000000000000
0000000000000000011100000000
0000000000000000011111000000
0000000000000000011111100000
0000000000000000011111100000
0000000000111111011111100000
0000000011111111101111110000
0000001111111111101111110000
0000001111111111100011110000
0000011111111111110011110000
0000011111111111100011110000
0000111111111100000111110000
0000111111100000001111110000
0000111111000000111111110000
0000111111111111111111110000
0000111111111111111111100000
0000111111111111111111100000
0000011111111111111110000000
0000011111111111111100000000
0000000111111111000000000000
0000000000000000000000000000
0000000000000000000000000000
0000000000000000000000000000
0000000000000000000000000000
0000000000000000000000000000
