0000000000000000000000000000
0000000000000000000000000000
0000000000000000000000000000
0000000000000000000000000000
0000000000000000000000000000
0000000000111111111000000000
0000000000111111111100000000
0000000001111111111100000000
0000000001111111111110000000
0000000011111100111110000000
0000000111110000011110000000
0000000111110000011111000000
0000001111100000001111000000
0000001111100000001111000000
0000001111100000001111000000
0000001111100000001111000000
0000001111100000001110000000
0000001111100000001110000000
0000000111100000011110000000
0000000111100000011110000000
0000000111100000111110000000
0000000111111011111110000000
0000000111111111111000000000
0000000011111111110000000000
0000000000111111100000000000
0000000000000000000000000000
0000000000000000000000000000
0000000000000000000000000000
