0000000000000000000000000000
0000000000000000000000000000
0000000000000000000000000000
0000000000000000000000000000
0000000000000001111000000000
0000000000000011111100000000
0000000000000011111100000000
0000000000000111111100000000
0000000000000111111100000000
0000000000001111111110000000
0000000000011111001110000000
0000000000111100001110000000
0000000001111100001110000000
0000000001111000001110000000
0000000011111000001110000000
0000000011110000011110000000
0000000111100000011100000000
0000000111100000111100000000
0000000111000001111000000000
0000000111000111110000000000
0000000111001111100000000000
0000000111111111000000000000
0000000111111111000000000000
0000000011111100000000000000
0000000000000000000000000000
0000000000000000000000000000
0000000000000000000000000000
0000000000000000000000000000
