0000000000000000000000000000
0000000000000000000000000000
0000000000000000000000000000
0000000000000000000000000000
0000000000000000000000000000
0000000000001111100000000000
0000000000011111100000000000
0000000000111001110000000000
0000000000111101110000000000
0000000000111101110000000000
0000000000110000110000000000
0000000000110000110000000000
0000000000100000110000000000
0000000001100000110000000000
0000000001100000110000000000
0000000001100000110000000000
0000000001100000110000000000
0000000001100000110000000000
0000000000110000110000000000
0000000000110000110000000000
0000000000110001110000000000
0000000000110001110000000000
0000000000011001100000000000
0000000000011111100000000000
0000000000011111000000000000
0000000000000000000000000000
0000000000000000000000000000
0000000000000000000000000000
