0000000000000000000000000000
0000000000000000000000000000
0000000000000000000000000000
0000000000111000000000000000
0000000000111100000000000000
0000000000111100110000000000
0000000001111001111100000000
0000000011111001111100000000
0000000011011000001110000000
0000000111000000000111000000
0000001111000000000011100000
0000001110000000000011100000
0000001110000000000011100000
0000001110000000000011110000
0000001110000000000011100000
0000001110000000000011100000
0000001111000000000011100000
0000001111000000000011000000
0000000111100000000111000000
0000000011111000000111000000
0000000001111100011111000000
0000000000111111111110000000
0000000000001111111100000000
0000000000000000000000000000
0000000000000000000000000000
0000000000000000000000000000
0000000000000000000000000000
0000000000000000000000000000
