0000000000000000000000000000
0000000000000000000000000000
0000000000000000000000000000
0000000000000000000000000000
0000000000000001110000000000
0000000000000011111000000000
0000000000000111111000000000
0000000000001111111000000000
0000000000011110111100000000
0000000000011100011100000000
0000000000011000011100000000
0000000000111000011100000000
0000000000111000011100000000
0000000000110000011100000000
0000000000110000011100000000
0000000000110000011100000000
0000000000110000011000000000
0000000000110000011000000000
0000000000110000111000000000
0000000000110001111000000000
0000000000111001110000000000
0000000000111111110000000000
0000000000111111100000000000
0000000000011111000000000000
0000000000000000000000000000
0000000000000000000000000000
0000000000000000000000000000
0000000000000000000000000000
