0000000000000000000000000000
0000000000000000000000000000
0000000000000000000000000000
0000000000000000011110000000
0000000000000000111110000000
0000000000000000111110000000
0000110000000001111100000000
0000000000000011111110000000
0000000000000111101110000000
0000000000001111001110000000
0000000000011111001110000000
0000000000111100001110000000
0000000001111000001110000000
0000000011111000001110000000
0000000011110000011110000000
0000000111100000111100000000
0000000111100001111100000000
0000001111000011111000000000
0000001111000111110000000000
0000011110111111100000000000
0000011111111111000000000000
0000011111111110000000000000
0000011111111000000000000000
0000000000000000000000000000
0000000000000000000000000000
0000000000000000000000000000
0000000000000000000000000000
0000000000000000000000000000
