0000000000000000000000000000
0000000000000000000000000000
0000000000000000000000000000
0000000000000000000000000000
0000000000000000000111000000
0000000000000011111111000000
0000000000000011111110000000
0000000000000111111100000000
0000000000001111111110000000
0000000000011111101110000000
0000000000011110001110000000
0000000000111100001110000000
0000000001111000001110000000
0000000011110000001110000000
0000000011100000001110000000
0000000111000000001110000000
0000000111000000001110000000
0000000111000000011110000000
0000001110000000011100000000
0000001110000000111100000000
0000001110000001111000000000
0000001111000111111000000000
0000000111111111100000000000
0000000011111111000000000000
0000000000000000000000000000
0000000000000000000000000000
0000000000000000000000000000
0000000000000000000000000000
