0000000000000000000000000000
0000000000000000000000000000
0000000000000000000000000000
0000000000000011110000000000
0000000000000111110000000000
0000000000001111100000000000
0000000000011111100000000000
0000000000111111111100000000
0000000001111111111110000000
0000000001111000011111000000
0000000011111000011111100000
0000000111110000000111110000
0000000111110000000111110000
0000011111100000000011110000
0000011111000000000011110000
0000011111000000000111110000
0000011110000000000111100000
0000011110000000011111100000
0000011110000001111111000000
0000011111101111111100000000
0000011111111111111000000000
0000001111111111100000000000
0000000111111110000000000000
0000000000000000000000000000
0000000000000000000000000000
0000000000000000000000000000
0000000000000000000000000000
0000000000000000000000000000
