0000000000000000000000000000
0000000000000000000000000000
0000000000000000000000000000
0000000000000000000000000000
0000000000000000000000000000
0000000000111100111110000000
0000000000111111111111000000
0000000001111111111111100000
0000000011111111111111100000
0000000011111111111111100000
0000000011111111001111110000
0000000111111111000011110000
0000000111111110000001110000
0000001111111100000001110000
0000001111111100000001110000
0000011111011100000001110000
0000011111011000000011110000
0000011111000000001111110000
0000011111000000011111110000
0000011111100000111111100000
0000001111111111111111000000
0000001111111111111110000000
0000000111111111111100000000
0000000011111111111000000000
0000000000111111110000000000
0000000000000000000000000000
0000000000000000000000000000
0000000000000000000000000000
