0000000000000000000000000000
0000000000000000000000000000
0000000000000000000000000000
0000000000000000000000000000
0000000000000000001111000000
0000000000000000111111100000
0000000000000001111111100000
0000000000000011111001100000
0000000000000011100011100000
0000000000000111100011100000
0000000000001111000011000000
0000000000011111000111000000
0000000000111100001110000000
0000000001111000001110000000
0000000011110000011100000000
0000000011100000111000000000
0000000111000001111000000000
0000000111000011110000000000
0000001110000111100000000000
0000001100001111000000000000
0000011100011110000000000000
0000011001111100000000000000
0000011111111000000000000000
0000011111100000000000000000
0000000000000000000000000000
0000000000000000000000000000
0000000000000000000000000000
0000000000000000000000000000
