0000000000000000000000000000
0000000000000000000000000000
0000000000000000000000000000
0000000000000000000000000000
0000000000000000111110000000
0000000000000011111110000000
0000000000000111111110000000
0000000000001111100111000000
0000000000111110000111100000
0000000000111100000001100000
0000000001111000000001110000
0000000011110000000000110000
0000000111100000000000110000
0000000111100000000001110000
0000000111000000000001110000
0000000111000000000011100000
0000001111000000000011100000
0000001111000000000111000000
0000000111000000000111000000
0000000111000000001110000000
0000001111000000111110000000
0000000111000011111000000000
0000000011111111110000000000
0000000011111111000000000000
0000000000000000000000000000
0000000000000000000000000000
0000000000000000000000000000
0000000000000000000000000000
