0000000000000000000000000000
0000000000000000000000000000
0000000000000000000000000000
0000000000000000000000000000
0000000000000000000000000000
0000000000000000000000000000
0000000000000000001111100000
0000000000000000111111110000
0000000000000001111111110000
0000000000000111111111110000
0000000000001111111101110000
0000000000011111111011110000
0000000001111111100111110000
0000000011111110001111100000
0000001111111000011111000000
0000011111110001111111000000
0000111111000111111110000000
0000111110111111111000000000
0000111111111111110000000000
0000111111111111000000000000
0000111111111000000000000000
0000011111100000000000000000
0000000000000000000000000000
0000000000000000000000000000
0000000000000000000000000000
0000000000000000000000000000
0000000000000000000000000000
0000000000000000000000000000
