0000000000000000000000000000
0000000000000000000000000000
0000000000000000000000000000
0000000000000000000000000000
0000000000000000000000000000
0000000000000000111111110000
0000000000011111111111110000
0000000000111111111111110000
0000000011111111111111000000
0000000111111001111111100000
0000001111100000001111100000
0000001111000000001111100000
0000011110000000000001100000
0000111100000000000111100000
0000111000000000000111100000
0000111000000000000111100000
0000111000000000000111100000
0000111000000000000111100000
0000111000000000001111000000
0000111000000000011110000000
0000111000000001111100000000
0000111000000011111000000000
0000111110011111110000000000
0000011111111111100000000000
0000001111111110000000000000
0000000000000000000000000000
0000000000000000000000000000
0000000000000000000000000000
