0000000000000000000000000000
0000000000000000000000000000
0000000000000000000000000000
0000000000000000000000000000
0000000000000000000000000000
0000000000000000000000000000
0000000000000001111110000000
0000000000000111111111000000
0000000000011111111111110000
0000000000111111111111111000
0000000000111110000111111000
0000000011111110001110111000
0000000011111110001100111000
0000001111101100000000111000
0000001111000100000001111000
0000011110000000000011111000
0000011110000000000111110000
0000011100000000001111100000
0000011100000000111111000000
0000011000000011111110000000
0000011000011111111000000000
0000011111111111110000000000
0000011111111110000000000000
0000001111111000000000000000
0000000000000000000000000000
0000000000000000000000000000
0000000000000000000000000000
0000000000000000000000000000
