0000000000000000000000000000
0000000000000000000000000000
0000000000000000000000000000
0000000000000000000000000000
0000000000000000000000000000
0000000001111000111111100000
0000000011111111111111110000
0000000011111111111111110000
0000000111111111110001111000
0000000111101111000000111000
0000001111001110000000111000
0000001111001100000000111000
0000001111000000000000111000
0000011110000000000000111000
0000011110000000000000011000
0000011110000000000000011000
0000011110000000000000111000
0000011110000000000000111000
0000011110000000000001111000
0000011110000000000011111000
0000011110000000000111110000
0000001111000000111111100000
0000001111111111111110000000
0000000111111111111000000000
0000000011111111100000000000
0000000000000000000000000000
0000000000000000000000000000
0000000000000000000000000000
