0000000000000000000000000000
0000000000000000000000000000
0000000000000000000000000000
0000000000000000000000000000
0000000000001111110000000000
0000000000011111111100000000
0000000000111111111110000000
0000000001111111111110000000
0000000011111110111110000000
0000000111111100001111100000
0000000111111100001111100000
0000000111111000000111100000
0000000011111000000111100000
0000000011111000000111100000
0000000111110000000111100000
0000000111110000000111100000
0000000111110000000111100000
0000000111110000001111100000
0000000111110000001111100000
0000000111110000111110000000
0000000011111111111110000000
0000000011111111111100000000
0000000011111111111000000000
0000000000111111110000000000
0000000000000000000000000000
0000000000000000000000000000
0000000000000000000000000000
0000000000000000000000000000
