0000000000000000000000000000
0000000000000000000000000000
0000000000000000000000000000
0000000000000000000000000000
0000000000000000000000000000
0000000000001111110000000000
0000000000011111111000000000
0000000000011111111000000000
0000000000011100011000000000
0000000001111100011110000000
0000000001111000011110000000
0000000001110000011110000000
0000000001110000001110000000
0000000001110000011110000000
0000000011110000011110000000
0000000011100000011110000000
0000000011100000011110000000
0000000011100000111100000000
0000000011100001111000000000
0000000011100001111000000000
0000000011100011111000000000
0000000011110111110000000000
0000000001111111100000000000
0000000001111111000000000000
0000000000011111000000000000
0000000000000000000000000000
0000000000000000000000000000
0000000000000000000000000000
