0000000000000000000000000000
0000000000000000000000000000
0000000000000000000000000000
0000000000000000000000000000
0000000000000000000000000000
0000000000111111101111110000
0000000001111111111111111000
0000000011111111111111111000
0000000111111111111111111000
0000001111111101111101111000
0000001111111000001101111000
0000011111110000001101111000
0000011111100000000001111000
0000011111100000000001111000
0000011111000000000001111000
0000011111000000000011111000
0000011111000000001111111000
0000011111100000001111111000
0000011111100000011111111000
0000011111111101111111100000
0000011111111101111111000000
0000011111111111111111000000
0000001111111111000000000000
0000000111111111000000000000
0000000000111111000000000000
0000000000000000000000000000
0000000000000000000000000000
0000000000000000000000000000
