0000000000000000000000000000
0000000000000000000000000000
0000000000000000000000000000
0000000000000000000000000000
0000000000000000000000000000
0000000000000001111111111000
0000000000000111111111111000
0000000000001111111111111000
0000000000111111101111111000
0000000001111111001101111000
0000000011111100000000111000
0000000111111000000001111000
0000000111110000000001111000
0000001111100000000011110000
0000011111000000000111110000
0000011111000000000111110000
0000011110000000011111100000
0000011100000000111111000000
0000011100000001111111000000
0000011100000011111100000000
0000011100001111111000000000
0000011111111111100000000000
0000011111111111000000000000
0000011111111100000000000000
0000000011110000000000000000
0000000000000000000000000000
0000000000000000000000000000
0000000000000000000000000000
