0000000000000000000000000000
0000000000000000000000000000
0000000000000000000000000000
0000000000000000000000000000
0000000000000111100000000000
0000000000001111110000000000
0000000000001111111000000000
0000000000011111111100000000
0000000000011111111100000000
0000000000111111111110000000
0000000001111001001111000000
0000000001111000001111000000
0000000001111000001111000000
0000000011110000001111000000
0000000011110000001111000000
0000000011100000001111000000
0000000011100000011111000000
0000000011100000011111000000
0000000011110000111110000000
0000000011110001111100000000
0000000011111111111000000000
0000000011111111111000000000
0000000001111111100000000000
0000000000011111000000000000
0000000000000000000000000000
0000000000000000000000000000
0000000000000000000000000000
0000000000000000000000000000
