0000000000000000000000000000
0000000000000000000000000000
0000000000000000000000000000
0000000000000000000000000000
0000000000000000000000000000
0000000000011100000000000000
0000000000111111111110000000
0000000001111111111111100000
0000000001111110000111110000
0000000011101100000001110000
0000000011001100000000110000
0000000111001000000000110000
0000001110000000000000110000
0000001110000000000000110000
0000001100000000000000110000
0000001100000000000001110000
0000001100000000000001110000
0000011100000000000001110000
0000011100000000000011100000
0000011100000000000011100000
0000001100000000000111000000
0000001100000000001110000000
0000001111000000111110000000
0000000111111111111000000000
0000000011111111000000000000
0000000000000000000000000000
0000000000000000000000000000
0000000000000000000000000000
