0000000000000000000000000000
0000000000000000000000000000
0000000000000000000000000000
0000000000000000000000000000
0000000000000000000000000000
0000000110000011111110000000
0000000111001111111111000000
0000000111011111111111000000
0000001111111111001111100000
0000001111111000000111110000
0000011111100000000011110000
0000011111000000000001110000
0000011110000000000001110000
0000111100000000000001110000
0000111100000000000001110000
0000111100000000000001110000
0000011100000000000001110000
0000011100000000000111100000
0000011110000000011111100000
0000011111111111111111000000
0000001111111111111110000000
0000000111111111111100000000
0000000011111111100000000000
0000000000000000000000000000
0000000000000000000000000000
0000000000000000000000000000
0000000000000000000000000000
0000000000000000000000000000
