0000000000000000000000000000
0000000000000000000000000000
0000000000000000000000000000
0000000000000000000000000000
0000000000000000011111000000
0000000000000000111111000000
0000000000000001111111000000
0000000000000011111111000000
0000000000000011110111000000
0000000000000111100111000000
0000000000001111100111000000
0000000000011111000111000000
0000000000011110000111000000
0000000000111110000111000000
0000000001111100001111000000
0000000001111000001110000000
0000000011111000011110000000
0000000111110000111100000000
0000000111100001111000000000
0000001111100011111000000000
0000001111011111110000000000
0000001111111111100000010000
0000001111111110000000000000
0000001111111100000000000000
0000000000000000000000000000
0000000000000000000000000000
0000000000000000000000000000
0000000000000000000000000000
