0000000000000000000000000000
0000000000000000000000000000
0000000000000000000000000000
0000000000000000000000000000
0000000000000111111100000000
0000000000001111111110000000
0000000000011110101110000000
0000000000011100000111000000
0000000000111000000111000000
0000000000111000000011000000
0000000001110000000011000000
0000000001110000000011000000
0000000011100000000011000000
0000000011100000000011000000
0000000011000000000011000000
0000000111000000000011000000
0000000111000000000111000000
0000000111000000000111000000
0000000111000000001110000000
0000000011000000011110000000
0000000011000000011100000000
0000000011100001111000000000
0000000011110111110000000000
0000000001111111100000000000
0000000000000000000000000000
0000000000000000000000000000
0000000000000000000000000000
0000000000000000000000000000
