0000000000000000000000000000
0000000000000000000000000000
0000000000000000000000000000
0000000000000000000000000000
0000000000000011110000000000
0000000000001111110000000000
0000000000001111111000000000
0000000000011111111000000000
0000000000011111111100000000
0000000000111111111110000000
0000000001111111111110000000
0000000001111111111110000000
0000000001111111011110000000
0000000011111110001110000000
0000000011110111011110000000
0000000111110010011110000000
0000000111100000011110000000
0000000111100000011110000000
0000000111100000111100000000
0000000111000001111100000000
0000000111100111111000000000
0000000111111111110000000000
0000000111111111110000000000
0000000011111111000000000000
0000000000000000000000000000
0000000000000000000000000000
0000000000000000000000000000
0000000000000000000000000000
