0000000000000000000000000000
0000000000000000000000000000
0000000000000000000000000000
0000000000000000000000000000
0000000000000001111100000000
0000000000000011111100000000
0000000000000111111110000000
0000000000001111111111000000
0000000000001111111111000000
0000000000011111111111000000
0000000000111111101111000000
0000000001111111001111000000
0000000001111100001111000000
0000000011111100001111000000
0000000011111000011111000000
0000000111110000011111000000
0000001111110000111110000000
0000001111110001111100000000
0000001111100111111100000000
0000001111011111110000000000
0000001111111111100000000000
0000001111111111000000000000
0000001111111100000000000000
0000001111111000000000000000
0000000000000000000000000000
0000000000000000000000000000
0000000000000000000000000000
0000000000000000000000000000
