0000000000000000000000000000
0000000000000000000000000000
0000000000000000000000000000
0000000000000000000000000000
0000000000000000000000000000
0000000001111000000000000000
0000000011111111100000000000
0000000011111111111100000000
0000000111101111111111000000
0000000111000000001111100000
0000000111000000001111110000
0000000111000000000111110000
0000000111000000000000111000
0000000111000000000000111000
0000000111000000000000011000
0000000111000000000000011000
0000000111000000000000011000
0000000111000000000000111000
0000000111000000000000111000
0000000111000000000000111000
0000000011100000000001110000
0000000011110000000111100000
0000000011111100111111100000
0000000000111111111110000000
0000000000011111111000000000
0000000000000000000000000000
0000000000000000000000000000
0000000000000000000000000000
