0000000000000000000000000000
0000000000000000000000000000
0000000000000000000000000000
0000000000000000000000000000
0000000000000001111000000000
0000000000000011111100000000
0000000000000111111111000000
0000000000111111111111000000
0000000001111111101111000000
0000000001111111000111100000
0000000011111111000011100000
0000000011111110000011100000
0000000111101110000011100000
0000000111101110000011100000
0000001111001110000111000000
0000001111001110001111000000
0000001111000110001111000000
0000001111000000011111000000
0000001111000000111110000000
0000001111000001111100000000
0000001111100011111000000000
0000000111111111110000000000
0000000011111111100000000000
0000000001111111000000000000
0000000000000000000000000000
0000000000000000000000000000
0000000000000000000000000000
0000000000000000000000000000
