0000000000000000000000000000
0000000000000000000000000000
0000000000000000000000000000
0000000000000000000000000000
0000000000000000001111110000
0000000000000000011111110000
0000000000000001111111110000
0000000000000001111101110000
0000000000001111111001110000
0000000000011111111001110000
0000000000111111110001110000
0000000011111111100011110000
0000000011111111000011110000
0000001111111110000011100000
0000001111101110000011100000
0000011110000110000111100000
0000011110000111001111000000
0000111100000011011111000000
0000111000000000111110000000
0000111000000011111100000000
0000111110001111111000000000
0000111111111111100000000000
0000011111111110000000000000
0000000111111000000000000000
0000000000000000000000000000
0000000000000000000000000000
0000000000000000000000000000
0000000000000000000000000000
