0000000000000000000000000000
0000000000000000000000000000
0000000000000000000000000000
0000000000000000000000000000
0000000000000000000000000000
0000000000000000111111100000
0000000000000001111111110000
0000000000000111111111110000
0000000000001111111101110000
0000000000011111111011110000
0000000000111111110011110000
0000000000111111100011110000
0000000001111101000011110000
0000000011111000000111100000
0000000011111000000111000000
0000000111100000001111000000
0000000111100000011110000000
0000001111000000111110000000
0000001111000001111100000000
0000001111000001111100000000
0000001111000111110000000000
0000001111111111110000000000
0000001111111111000000000000
0000001111111110000000000000
0000001111111100000000000000
0000000000000000000000000000
0000000000000000000000000000
0000000000000000000000000000
