0000000000000000000000000000
0000000000000000000000000000
0000000000000000000000000000
0000000000000000000000000000
0000000000000000111111000000
0000000000000001111111000000
0000000000000011100011100000
0000000000000111000001100000
0000000000011111000001110000
0000000000011110000001110000
0000000000111000000001110000
0000000001110000000001110000
0000000011110000000001100000
0000000011100000000001100000
0000000011000000000011100000
0000000111000000000011100000
0000000110000000000111000000
0000001110000000001111000000
0000001110000000011110000000
0000001110000000111110000000
0000001110000001111100000000
0000001110000111111000000000
0000001111111111100000000000
0000000111111110000000000000
0000000000000000000000000000
0000000000000000000000000000
0000000000000000000000000000
0000000000000000000000000000
