0000000000000000000000000000
0000000000000000000000000000
0000000000000000000000000000
0000000000000000000000000000
0000000000011111111100000000
0000000000011111111110000000
0000000000111111111110000000
0000000000111111111111000000
0000000001111111111111000000
0000000011111100111111100000
0000000011111100001111100000
0000000111111000000111110000
0000000111111000000111110000
0000000111111000000111110000
0000001111110000000111110000
0000001111110000000111110000
0000001111110000000111110000
0000001111110000001111110000
0000001111111000001111110000
0000011111111001111111100000
0000000111111111111111100000
0000000111111111111111000000
0000000011111111111110000000
0000000001111111111100000000
0000000000000000000000000000
0000000000000000000000000000
0000000000000000000000000000
0000000000000000000000000000
