0000000000000000000000000000
0000000000000000000000000000
0000000000000000000000000000
0000000000000000000000000000
0000000000000000000000000000
0000000000000000000000000000
0000000000000001111111110000
0000000011111111111111111000
0000001111111111111111111000
0000011111111111111111111000
0000011110001111110001111000
0000000000011111100001111000
0000000000111111000001111000
0000000000111100000001110000
0000000001111100000011110000
0000000001111000000011110000
0000000011111000001111100000
0000000011110000011111000000
0000000011110000111111000000
0000000111100000111100000000
0000001111100001111000000000
0000001111100111110000000000
0000001111111111100000000000
0000001111111111100000000000
0000001111111111000000000000
0000000011111000000000000000
0000000000000000000000000000
0000000000000000000000000000
