0000000000000000000000000000
0000000000000000000000000000
0000000000000000000000000000
0000000000000000000000000000
0000000000011111111000000000
0000000001111111111100000000
0000000001111111111110000000
0000000011111000011111000000
0000000111111000000111100000
0000000111100000000011100000
0000000111100000000011110000
0000001111000000000011110000
0000001111000000001111110000
0000001110000000001111110000
0000001110000000000011110000
0000001110000000000011110000
0000001110001110000111110000
0000001110001111101111110000
0000001111000111111111100000
0000001111000011111111000000
0000000111100001111110000000
0000000111111111111100000000
0000000001111111111000000000
0000000000111111100000000000
0000000000000000000000000000
0000000000000000000000000000
0000000000000000000000000000
0000000000000000000000000000
