0000000000000000000000000000
0000000000000000000000000000
0000000000000000000000000000
0000000000000000000000000000
0000000000000000000000000000
0000000000000000000000000000
0000000011111111000000000000
0000000011111111111100000000
0000000111111111111110000000
0000000111100011111111100000
0000001111000001000111110000
0000001111000000000011111000
0000011110000000000000111000
0000011100000000000000111000
0000011100000000000000111000
0000011100000000000000111000
0000011000000000000000111000
0000011000000000000001111000
0000011100000000000011110000
0000011110000000001111110000
0000001111100000011111000000
0000000111111111111110000000
0000000011111111111100000000
0000000000111111100000000000
0000000000000000000000000000
0000000000000000000000000000
0000000000000000000000000000
0000000000000000000000000000
