0000000000000000000000000000
0000000000000000000000000000
0000000000000000000000000000
0000000000000000000000000000
0000000000000000000000000000
0000000001111111110000000000
0000000111111111111110000000
0000001111000000111110000000
0000001110000000001111000000
0000001100000000000111100000
0000001011000000000011110000
0000001111100000000001110000
0000001111000000000001110000
0000001111000000000000110000
0000001111000000000000110000
0000001111000000000000110000
0000000111100000000000110000
0000000011100000000000110000
0000000011100000000001110000
0000000001110000000001100000
0000000001110000000011100000
0000000000111100000111100000
0000000000011110001111000000
0000000000001111111110000000
0000000000000011111100000000
0000000000000000000000000000
0000000000000000000000000000
0000000000000000000000000000
