0000000000000000000000000000
0000000000000000000000000000
0000000000000000000000000000
0000000000011110000000000000
0000000000011111100000000000
0000000000111111111000000000
0000000000111111111110000000
0000000000111111111110000000
0000000000111001111111000000
0000000001111000011111100000
0000000001111000001111100000
0000000011110000000111110000
0000000011110000000111110000
0000001111100000000111110000
0000001111100000001111110000
0000001111000000111111110000
0000011110000001111111100000
0000011111011111111111100000
0000011111111111111111100000
0000011111111111111110000000
0000011111111111111000000000
0000011111111111000000000000
0000001111111000000000000000
0000000000000000000000000000
0000000000000000000000000000
0000000000000000000000000000
0000000000000000000000000000
0000000000000000000000000000
