0000000000000000000000000000
0000000000000000000000000000
0000000000000000000000000000
0000000000000000000000000000
0000000000000011110000000000
0000000000001111110000000000
0000000000001111110000000000
0000000000001111111100000000
0000000000001111111100000000
0000000000011110011100000000
0000000000111100011100000000
0000000000111100011110000000
0000000001111000011110000000
0000000001110000011100000000
0000000011110000011100000000
0000000011110000111100000000
0000000011100000111000000000
0000000111100001111000000000
0000000111100001111000000000
0000000111100011110000000000
0000000111101111110000000000
0000000011111111100000000000
0000000011111111000000000000
0000000001111100000000000000
0000000000000000000000000000
0000000000000000000000000000
0000000000000000000000000000
0000000000000000000000000000
