0000000000000000000000000000
0000000000000000000000000000
0000000000000000000000000000
0000000000000000000000000000
0000000000000011111000000000
0000000000000111111110000000
0000000000001111111111000000
0000000000011111000111000000
0000000000011110000011100000
0000000001111100000011100000
0000000011111000000001100000
0000000011110000000001110000
0000000011110000000001110000
0000000011110000000001110000
0000000111100000000001110000
0000001111100000000011110000
0000001111000000000011110000
0000001111000000000111100000
0000001110000000011111100000
0000001111000001111111000000
0000000111100111111110000000
0000000011111111111000000000
0000000011111111110000000000
0000000001111111000000000000
0000000000000000000000000000
0000000000000000000000000000
0000000000000000000000000000
0000000000000000000000000000
