0000000000000000000000000000
0000000000000000000000000000
0000000000000000000000000000
0000000000000000000000000000
0000000000000001111110000000
0000000000000011111110000000
0000000000000011111111100000
0000000000000011111111110000
0000000000001111111000110000
0000000000011111100000110000
0000000000111110000001110000
0000000001111100000001110000
0000000011111000000001110000
0000000011110000000011100000
0000000111100000000011100000
0000000111000000000111100000
0000001111000000000111000000
0000001110000000001111000000
0000001110000000111110000000
0000001110000001111100000000
0000001111000111111000000000
0000000111111111110000000000
0000000111111111000000000000
0000000011111000000000000000
0000000000000000000000000000
0000000000000000000000000000
0000000000000000000000000000
0000000000000000000000000000
