0000000000000000000000000000
0000000000000000000000000000
0000000000000000000000000000
0000000000000000000000000000
0000000000000000000000000000
0000000000000111111110000000
0000000000001111111111000000
0000000000001111111111000000
0000000000001111111111000000
0000000000011111111111000000
0000000000111111111111000000
0000000001111111011111000000
0000000001111110011111000000
0000000011111110011111000000
0000000011111000011110000000
0000000111110000111110000000
0000000111100000111100000000
0000001111100011111100000000
0000001111100011111100000000
0000001111001111110000000000
0000001111101111110000000000
0000001111111111000000000000
0000000111111111000000000000
0000000111111110000000000000
0000000011111000000000000000
0000000000000000000000000000
0000000000000000000000000000
0000000000000000000000000000
