0000000000000000000000000000
0000000000000000000000000000
0000000000000000000000000000
0000000000000000000000000000
0000000000000000111111100000
0000000000000011111111110000
0000000000001111111111110000
0000000000111111111111111000
0000000000111111111101111000
0000000111111111100011111000
0000000111111101100011100000
0000001111110001100011110000
0000011111100000000011110000
0000011111000000000011110000
0000011111000000000011110000
0000011111000000000111110000
0000011100000000000111110000
0000011100000000001111110000
0000011100000000111111100000
0000011100000011111111000000
0000011111101111111111000000
0000011111111111111110000000
0000011111111111111000000000
0000001111111111110000000000
0000000000000000000000000000
0000000000000000000000000000
0000000000000000000000000000
0000000000000000000000000000
