0000000000000000000000000000
0000000000000000000000000000
0000000000000000000000000000
0000000000000000000000000000
0000000000000000000000000000
0000000000000000000000000000
0000000000000000000000000000
0000000000000001111110000000
0000000000000111111111100000
0000000000001111111111110000
0000000000001111110011110000
0000000000111111110001110000
0000000011111110000001110000
0000001111111100000001110000
0000011111110000000011110000
0000111111110000000111110000
0000111111100000111111100000
0000111111001111111111000000
0000111111111111111100000000
0000111111111111110000000000
0000001111110000000000000000
0000000000000000000000000000
0000000000000000000000000000
0000000000000000000000000000
0000000000000000000000000000
0000000000000000000000000000
0000000000000000000000000000
0000000000000000000000000000
