0000000000000000000000000000
0000000000000000000000000000
0000000000000000000000000000
0000000000000000000000000000
0000000000001100110000000000
0000000000011100110000000000
0000000000011000010000000000
0000000000111000011000000000
0000000000110000011000000000
0000000000110000011000000000
0000000000110000111000000000
0000000001110000111100000000
0000000001100000011100000000
0000000001100000011100000000
0000000001100000011100000000
0000000011100000011100000000
0000000011100000011100000000
0000000011100000011100000000
0000000011000000011100000000
0000000011100000111000000000
0000000011100001111000000000
0000000001100011110000000000
0000000001111111100000000000
0000000000111110000000000000
0000000000000000000000000000
0000000000000000000000000000
0000000000000000000000000000
0000000000000000000000000000
