0000000000000000000000000000
0000000000000000000000000000
0000000000000000000000000000
0000000000000000000000000000
0000000000000001111111000000
0000000000000001111111000000
0000000000000001111111000000
0000000000000011111111100000
0000000000001111111111100000
0000000000111111111111100000
0000000001111111110011100000
0000000011111111100011100000
0000000011111110000011100000
0000000111111000000111100000
0000001111110000000111100000
0000001111100000001111100000
0000011111000000011111000000
0000011111000000111111000000
0000011110000011111110000000
0000011110001111111100000000
0000011111111111110000000000
0000011111111111100000000000
0000011111111110000000000000
0000001111110000000000000000
0000000000000000000000000000
0000000000000000000000000000
0000000000000000000000000000
0000000000000000000000000000
