0000000000000000000000000000
0000000000000000000000000000
0000000000000000000000000000
0000000000000000001111000000
0000000000000000011111000000
0000000000000000011111100000
0000000000000000111111100000
0000000000000001111111100000
0000000000000011111101100000
0000000000000111111001100000
0000000000001111111011100000
0000000000011111110011100000
0000000000111111100111100000
0000000011111100001111100000
0000000111111000011111000000
0000001111110000111111000000
0000011111100001111110000000
0000111111000111111100000000
0000111110011111111000000000
0001111111111111110000000000
0001111111111111000000000000
0001111111111110000000000000
0000111111111000000000000000
0000000000000000000000000000
0000000000000000000000000000
0000000000000000000000000000
0000000000000000000000000000
0000000000000000000000000000
