0000000000000000000000000000
0000000000000000000000000000
0000000000000000000000000000
0000000000000000000000000000
0000000000111111000000000000
0000000000111111100000000000
0000000000001111100000000000
0000000000001111110000000000
0000000000111111110000000000
0000000011111111111000000000
0000000011111111111100000000
0000000011111110111110000000
0000000111111000111110000000
0000001111110000011111000000
0000001111100000001111000000
0000001111100000001111000000
0000000111110000001111100000
0000000011110000001111100000
0000000011111000001111000000
0000000011111000000111000000
0000000011111110011111000000
0000000011111111111111000000
0000000001111111111110000000
0000000000111111111000000000
0000000000000000000000000000
0000000000000000000000000000
0000000000000000000000000000
0000000000000000000000000000
