0000000000000000000000000000
0000000000000000000000000000
0000000000000000000000000000
0000000000000000000000000000
0000000000000000011111100000
0000000000000000111111110000
0000000000000001111111111000
0000000000000111111101111000
0000000000001111111001110000
0000000000011111111101110000
0000000000111110000001110000
0000000000111100000001110000
0000000001111100000011110000
0000000011111000000011110000
0000000111100000000011100000
0000001111100000000111100000
0000001111000000000111000000
0000011111000000011111000000
0000011110000000011110000000
0000011110000001111100000000
0000011110000111111000000000
0000011111111111110000000000
0000001111111111100000000000
0000000111111110000000000000
0000000000000000000000000000
0000000000000000000000000000
0000000000000000000000000000
0000000000000000000000000000
