0000000000000000000000000000
0000000000000000000000000000
0000000000000000000000000000
0000000000000000000000000000
0000000000000000000000000000
0000000000011111110000000000
0000000001111111111000000000
0000000001111111111100000000
0000000011111111111111000000
0000000011110111111111000000
0000000111110111111111110000
0000000111100111100011110000
0000000111100111000011110000
0000000111000000000011110000
0000001111000000000011110000
0000001111000000000111110000
0000001111000000001111100000
0000001111000000001111000000
0000001110000000011111000000
0000001111000000111110000000
0000001111000011111100000000
0000001111111111111000000000
0000001111111111100000000000
0000000111111111000000000000
0000000011111000000000000000
0000000000000000000000000000
0000000000000000000000000000
0000000000000000000000000000
