0000000000000000000000000000
0000000000000000000000000000
0000000000000000000000000000
0000000000000000000000000000
0000000000000000000000000000
0000000000111000000000000000
0000000001111111100000000000
0000000011111111111000000000
0000000011111111111110000000
0000000111100000011111000000
0000000111000000001111100000
0000001111000000000011110000
0000001110000000000001111000
0000001110000000000001111000
0000011100000000000000111000
0000011100000000000000111000
0000011100000000000000111000
0000011100000000000001111000
0000011100000000000001110000
0000011100000000000011110000
0000011100000000000111100000
0000011100000000011111100000
0000011100000000111110000000
0000011100000001111100000000
0000011100000011111000000000
0000000000000000000000000000
0000000000000000000000000000
0000000000000000000000000000
