0000000000000000000000000000
0000000000000000000000000000
0000000000000000000000000000
0000000000000000000000000000
0000000000000011111000000000
0000000000011111111100000000
0000000000011111011110000000
0000000000111000001110000000
0000000000111000001111000000
0000000000111000000111000000
0000000001110000000111000000
0000000001110000000111000000
0000000001110000000111000000
0000000001100000000111000000
0000000001100000000111000000
0000000011100000000111000000
0000000011100000000111000000
0000000011100000001110000000
0000000011100000011110000000
0000000011100000111100000000
0000000011100001111000000000
0000000011110111110000000000
0000000011111111110000000000
0000000001111111000000000000
0000000000000000000000000000
0000000000000000000000000000
0000000000000000000000000000
0000000000000000000000000000
