0000000000000000000000000000
0000000000000000000000000000
0000000000000000000000000000
0000000000000000000000000000
0000000000000000000000000000
0000000000000000001111110000
0000000000000000011111110000
0000000000000000111111111000
0000000000000011111111111000
0000000000000111111111111000
0000000000001111110110111000
0000000000111111100001111000
0000000000111111100011111000
0000000011111111000011110000
0000000111111100011111110000
0000001111110000111110000000
0000011111110001111110000000
0000011111000011111100000000
0000011111111111111000000000
0000011111111111100000000000
0000011111111111000000000000
0000011111111100000000000000
0000001111100000000000000000
0000000000000000000000000000
0000000000000000000000000000
0000000000000000000000000000
0000000000000000000000000000
0000000000000000000000000000
