0000000000000000000000000000
0000000000000000000000000000
0000000000000000000000000000
0000000000000000000000000000
0000000000000000000000000000
0000000000000000000000000000
0000000000000000111111000000
0000000000000001111111110000
0000000000000111111111110000
0000000000001111111111110000
0000000000111111111111110000
0000000001111111100011110000
0000000111111111100111110000
0000001111111111000111110000
0000011111100111001111100000
0000011111000111111111100000
0000111100000011111111100000
0000111100000011111111000000
0000111100000011111110000000
0000111100111111111100000000
0000111111111111111000000000
0000111111111111100000000000
0000011111111110000000000000
0000001111111000000000000000
0000000000000000000000000000
0000000000000000000000000000
0000000000000000000000000000
0000000000000000000000000000
