0000000000000000000000000000
0000000000000000000000000000
0000000000000000000000000000
0000000000000000111110000000
0000000000000001111110000000
0000000000000011111110000000
0000000000000111110111000000
0000000000001111000111000000
0000000000001111000011000000
0000000000011110000011000000
0000000000111100000011000000
0000000000111000000011000000
0000000001110000000011000000
0000000011110000000111000000
0000000011110000000111000000
0000000011110000001110000000
0000000011100000011110000000
0000000011100000111100000000
0000000111100011111100000000
0000000111111111111100000000
0000000011111111111000000000
0000000011111111110000000000
0000000011111110000000000000
0000000000000000000000000000
0000000000000000000000000000
0000000000000000000000000000
0000000000000000000000000000
0000000000000000000000000000
