0000000000000000000000000000
0000000000000000000000000000
0000000000000000000000000000
0000000000000000000000000000
0000000000000000011100000000
0000000000000011011100000000
0000000000000111111100000000
0000000000000111111100000000
0000000000001111001100000000
0000000000001110011100000000
0000000000011110011100000000
0000000000011110011100000000
0000000000011100011000000000
0000000000011000011000000000
0000000000111000011000000000
0000000000111000111000000000
0000000000111000111000000000
0000000000111001110000000000
0000000000111001110000000000
0000000000111011110000000000
0000000000111011110000000000
0000000000111111100000000000
0000000000011111000000000000
0000000000001111000000000000
0000000000000000000000000000
0000000000000000000000000000
0000000000000000000000000000
0000000000000000000000000000
