0000000000000000000000000000
0000000000000000000000000000
0000000000000000000000000000
0000000000000000000000000000
0000000000000000000000000000
0000000000000000000000000000
0000000000011111111000000000
0000000000111111111100000000
0000000000111111111110000000
0000000001111111111110000000
0000000011111111111111000000
0000000011111111111111000000
0000000011111111101110000000
0000000111111111101111000000
0000001111111110001111000000
0000001111111100001111000000
0000000111111000011110000000
0000000011100000011110000000
0000000011100000111110000000
0000000011100000111100000000
0000000011100001111100000000
0000000011100011111000000000
0000000011111111111000000000
0000000011111111110000000000
0000000000111111000000000000
0000000000111111000000000000
0000000000000000000000000000
0000000000000000000000000000
