0000000000000000000000000000
0000000000000000000000000000
0000000000000000000000000000
0000000000000000000000000000
0000000000000000000000000000
0000000000000000001111100000
0000000000000000111111110000
0000000000000011111111110000
0000000000001111111111110000
0000000000011111111111110000
0000000000111111100011110000
0000000001111111000011110000
0000000011111100000111100000
0000000111111000001111100000
0000001111110000001111100000
0000001111100000111111000000
0000011111000000111110000000
0000111110000011111100000000
0000111100000111111000000000
0000111100011111110000000000
0000111001111111100000000000
0000111111111111000000000000
0000111111111100000000000000
0000011111110000000000000000
0000000110000000000000000000
0000000000000000000000000000
0000000000000000000000000000
0000000000000000000000000000
