0000000000000000000000000000
0000000000000000000000000000
0000000000000000000000000000
0000000000000000000000000000
0000000000111111100000000000
0000000001111111110000000000
0000000001111111111000000000
0000000001111111111100000000
0000000001111111111100000000
0000000001111001111110000000
0000000011111000111110000000
0000000011111000111110000000
0000000011111000011111000000
0000000111110000011111000000
0000000111110000011111100000
0000000111100000011111100000
0000000111100000011111100000
0000000111100000111111100000
0000000111110111111111100000
0000000011111111111111000000
0000000001111111111111000000
0000000001111111111110000000
0000000001111111111100000000
0000000000111111110000000000
0000000000000000000000000000
0000000000000000000000000000
0000000000000000000000000000
0000000000000000000000000000
