0000000000000000000000000000
0000000000000000000000000000
0000000000000000000000000000
0000000000000000000000000000
0000000000000000000000000000
0000000000000000000000000000
0000000000000011111000000000
0000000011111111111100000000
0000000011111111111111000000
0000000011111111111111100000
0000000000101111111111110000
0000000000001111101111111000
0000000000111111000111111000
0000000001111110000001111000
0000000011111110000001111000
0000001111111000000001111000
0000001111110000000011111000
0000011111100001111111111000
0000011111000001111111110000
0000011111111111111111000000
0000011111111111111000000000
0000011111111111100000000000
0000011111111100000000000000
0000000000000000000000000000
0000000000000000000000000000
0000000000000000000000000000
0000000000000000000000000000
0000000000000000000000000000
