0000000000000000000000000000
0000000000000000000000000000
0000000000000000000000000000
0000000000000000000000000000
0000000000000000000000000000
0000000001110111111000000000
0000000001111111111100000000
0000000001111111111100000000
0000000001111111111100000000
0000000001111100111100000000
0000000011110000011100000000
0000000011110000011110000000
0000000011110000001111000000
0000000011110000001111000000
0000000011110000001111000000
0000000011110000001111000000
0000000011110000001111000000
0000000011110000001111000000
0000000011110000011111000000
0000000011110000011111000000
0000000011110001111100000000
0000000001111111111100000000
0000000001111111111000000000
0000000000111111110000000000
0000000000011110000000000000
0000000000000000000000000000
0000000000000000000000000000
0000000000000000000000000000
