0000000000000000000000000000
0000000000000000000000000000
0000000000000000000000000000
0000000000000000000000000000
0000000000000011110000000000
0000000000000111111000000000
0000000000111111111110000000
0000000000111111001111100000
0000000000111000000111100000
0000000011111000000001110000
0000000111100000000001100000
0000000111000000000000110000
0000001110000000000000110000
0000001110000000000001110000
0000011100000000000011100000
0000111000000000000011100000
0000110000000000000111000000
0000111000000000001111000000
0000111000000000001110000000
0000111100000000011110000000
0000111111111110111100000000
0000001111111111111000000000
0000000000111111110000000000
0000000000000000000000000000
0000000000000000000000000000
0000000000000000000000000000
0000000000000000000000000000
0000000000000000000000000000
