0000000000000000000000000000
0000000000000000000000000000
0000000000000000000000000000
0000000000000000000000000000
0000000000000000000000000000
0000000000000001111100000000
0000000000011111111111000000
0000000000111111111111100000
0000000001111111011111100000
0000000011111100001111100000
0000000011111000000111100000
0000000111100000000111100000
0000000111100000000111100000
0000000111100000000111100000
0000000111100000000111100000
0000001111000000000111100000
0000001111000000000111100000
0000001111000000001111100000
0000001111000000001111000000
0000001111000000011111000000
0000001111000000011110000000
0000001111100000011110000000
0000001111100000111110000000
0000001111110001111100000000
0000000111111011111000000000
0000000000000000000000000000
0000000000000000000000000000
0000000000000000000000000000
