0000000000000000000000000000
0000000000000000000000000000
0000000000000000000000000000
0000000000000000000000000000
0000000000000000000000000000
0000000000000111111000000000
0000000000001111111100000000
0000000000011111111100000000
0000000000111111111110000000
0000000000111111011110000000
0000000000111110001110000000
0000000001111100001110000000
0000000011111000011110000000
0000000011111000011111000000
0000000011110000011111000000
0000000011110000011111000000
0000000011110000011110000000
0000000011100000111110000000
0000000011100001111100000000
0000000011100001111100000000
0000000011110011111100000000
0000000011111111111000000000
0000000001111111110000000000
0000000001111111110000000000
0000000000011111000000000000
0000000000000000000000000000
0000000000000000000000000000
0000000000000000000000000000
