0000000000000000000000000000
0000000000000000000000000000
0000000000000000000000000000
0000000000000000000000000000
0000000000000000000000000000
0000000000000000000000000000
0000000000000111111111000000
0000000000001111111111110000
0000000000111111111111111000
0000000000111111001101111000
0000000001111100000000111000
0000000111111100000000111000
0000001111111100000000111000
0000001111111100000000111000
0000001111010000000000111000
0000011110000000000000111000
0000011110000000000001111000
0000011110000000000011111000
0000011100000000000111110000
0000011110000001111111100000
0000011111111111111111000000
0000011111111111111000000000
0000001111111111000000000000
0000000011110000000000000000
0000000000000000000000000000
0000000000000000000000000000
0000000000000000000000000000
0000000000000000000000000000
