0000000000000000000000000000
0000000000000000000000000000
0000000000000000000000000000
0000000000000111100000000000
0000000000001111100000000000
0000000000011111100000000000
0000000000111111100000000000
0000000000111100011100000000
0000000001111000011110000000
0000000011111000011111000000
0000000011110000001111000000
0000000011110000001111000000
0000000111110000001111000000
0000000111100000001111000000
0000000111000000001111000000
0000000111000000001111000000
0000000111000000011111000000
0000000111000000011111000000
0000000111110000111100000000
0000000011110001111100000000
0000000011111111111000000000
0000000001111111110000000000
0000000000111111100000000000
0000000000000000000000000000
0000000000000000000000000000
0000000000000000000000000000
0000000000000000000000000000
0000000000000000000000000000
