0000000000000000000000000000
0000000000000000000000000000
0000000000000000000000000000
0000000000000000000000000000
0000000000001111111000000000
0000000000001111111000000000
0000000000111111111111000000
0000000000111111111111100000
0000000011111111111111100000
0000000111111111111111111000
0000000111111111111111111000
0000001111111000001111111000
0000011111111000000011111000
0000011111110000000011111000
0000011111000000000011111000
0000011111000000000011111000
0000011111000000000111110000
0000011111000000001111110000
0000011111110000011111100000
0000011111111111111111100000
0000001111111111111111100000
0000000111111111111111000000
0000000111111111111100000000
0000000001111111111000000000
0000000000000000000000000000
0000000000000000000000000000
0000000000000000000000000000
0000000000000000000000000000
