0000000000000000000000000000
0000000000000000000000000000
0000000000000000000000000000
0000000000000000000000000000
0000000000000000000000000000
0000000000000111111110000000
0000000000001111111111000000
0000000000001111111111100000
0000000000011111111111100000
0000000000011111100111110000
0000000000011111000011110000
0000000000111110000011110000
0000000000111100000011110000
0000000001111100000011110000
0000000001111000000111100000
0000000011111000001111100000
0000000111110000001111000000
0000000111110000011111000000
0000000111100000111110000000
0000001111100111111100000000
0000001111101111111000000000
0000001111111111110000000000
0000001111111111100000000000
0000000111111111000000000000
0000000111111100000000000000
0000000000000000000000000000
0000000000000000000000000000
0000000000000000000000000000
