0000000000000000000000000000
0000000000000000000000000000
0000000000000000000000000000
0000000000000000000000000000
0000000000000111100000000000
0000000000001111110000000000
0000000000011111111000000000
0000000000111111111100000000
0000000000111100111110000000
0000000001111100111111000000
0000000001111000001111000000
0000000001111000001111000000
0000000001111000001111000000
0000000011110000000111000000
0000000011110000001111000000
0000000011110000001111000000
0000000011100000001110000000
0000000011100000011110000000
0000000011100000111110000000
0000000011110001111100000000
0000000011111111111000000000
0000000001111111110000000000
0000000001111111100000000000
0000000000111111000000000000
0000000000000000000000000000
0000000000000000000000000000
0000000000000000000000000000
0000000000000000000000000000
