0000000000000000000000000000
0000000000000000000000000000
0000000000000000000000000000
0000000000000000000000000000
0000000000000111100000000000
0000000000011111111000000000
0000000000111111111100000000
0000000001111111111110000000
0000000011111100011110000000
0000000111110000001110000000
0000011111000000001111000000
0000111110000000000111000000
0000110111000000000011100000
0000001111000000000011100000
0000001111000000000011100000
0000001111000000000011100000
0000001111000000000011100000
0000001111000000000111110000
0000000111000000001111100000
0000000111100000011111100000
0000000111111111111111000000
0000000111111111111110000000
0000000011111111111110000000
0000000011111111111000000000
0000000000000000000000000000
0000000000000000000000000000
0000000000000000000000000000
0000000000000000000000000000
