0000000000000000000000000000
0000000000000000000000000000
0000000000000000000000000000
0000000000000000000000000000
0000000000000000000000000000
0000000000111111100000000000
0000000001111111110000000000
0000000111111111111100000000
0000000111111111111110000000
0000000111111111111111100000
0000000111111111111111000000
0000001111111010011111110000
0000001111110000010111110000
0000001111100000000011110000
0000001111100000000011110000
0000001111100000000011110000
0000001111100000000111110000
0000000111100000000111110000
0000000111110000000111110000
0000000111111000001111110000
0000000111111101011111000000
0000000001111111111110000000
0000000001111111111110000000
0000000000111111111110000000
0000000000000011111000000000
0000000000000000000000000000
0000000000000000000000000000
0000000000000000000000000000
