0000000000000000000000000000
0000000000000000000000000000
0000000000000000000000000000
0000000000000000000000000000
0000000000000000001111100000
0000000000000000001111110000
0000000000000000001111110000
0000000000000001111001110000
0000000000000111111001110000
0000000000001111111011110000
0000000000011111100011110000
0000000000111111000011100000
0000000001111110000111100000
0000000011111100000111100000
0000000111111000001111100000
0000001111110000001111000000
0000001111100000011111000000
0000001111000000111110000000
0000011111000001111100000000
0000011111001111111100000000
0000011111111111111000000000
0000001111111111100000000000
0000001111111111000000000000
0000000011111000000000000000
0000000000000000000000000000
0000000000000000000000000000
0000000000000000000000000000
0000000000000000000000000000
