0000000000000000000000000000
0000000000000000000000000000
0000000000000000000000000000
0000000000000000000000000000
0000000000000000000000000000
0000000000000001111111110000
0000000000000111111111111000
0000000000000111111111111000
0000000000001111111111111000
0000000000011111111100111000
0000000000111111100001111000
0000000000111111000001111000
0000000011111110000011110000
0000000011111110000111110000
0000000111111100000111100000
0000000111111100001111100000
0000001111111000011111000000
0000001111111000111100000000
0000011111110011111000000000
0000011111111111110000000000
0000011111111111110000000000
0000011111111111000000000000
0000011111111110000000000000
0000011111111000000000000000
0000011111110000000000000000
0000000000000000000000000000
0000000000000000000000000000
0000000000000000000000000000
