0000000000000000000000000000
0000000000000000000000000000
0000000000000000000000000000
0000000000000000000000000000
0000000000000000000000000000
0000000000000000000000000000
0000000000000000000001111000
0000000000000000011111111100
0000000000000001111111001100
0000000000001111111000000000
0000000000011111000000001000
0000000001111100000000011000
0000000011110000000000011000
0000000111000000000000110000
0000001110000000000001110000
0000001110000000000011100000
0000001100000000001111000000
0000001100000000011100000000
0000001100000011111000000000
0000001111111111100000000000
0000001111111110000000000000
0000000000000000000000000000
0000000000000000000000000000
0000000000000000000000000000
0000000000000000000000000000
0000000000000000000000000000
0000000000000000000000000000
0000000000000000000000000000
