0000000000000000000000000000
0000000000000000000000000000
0000000000000000000000000000
0000000000000000000000000000
0000000000000000000000000000
0000000000000011111100000000
0000000000000111111100000000
0000000000001111111100000000
0000000000001110011100000000
0000000000111100001110000000
0000000001111100001110000000
0000000011110000000110000000
0000000011100000000111000000
0000000111000000000111000000
0000000111000000000111000000
0000000110000000000111000000
0000001110000000000111000000
0000001110000000000110000000
0000001110000000000110000000
0000000110000000001110000000
0000000111000000001100000000
0000000111100000011100000000
0000000011110001111100000000
0000000001111111111000000000
0000000000111111000000000000
0000000000000000000000000000
0000000000000000000000000000
0000000000000000000000000000
