0000000000000000000000000000
0000000000000000000000000000
0000000000000000000000000000
0000000000000000000000000000
0000000000000000000000000000
0000000000000111110000000000
0000000000011111111000000000
0000000011111111111111100000
0000000111111111111111110000
0000001111111111111111110000
0000001111111100011111111000
0000011111011100011101111000
0000011110001100011100111000
0000011110000000011100111000
0000011100000000001100111000
0000011100000000000001111000
0000011110000000000001111000
0000011110000000000011110000
0000011110000000000111110000
0000011111000000001111100000
0000001111110000111111100000
0000000111111111111111000000
0000000111111111111100000000
0000000000111111110000000000
0000000000000000000000000000
0000000000000000000000000000
0000000000000000000000000000
0000000000000000000000000000
