0000000000000000000000000000
0000000000000000000000000000
0000000000000000000000000000
0000000000000000000000000000
0000000000000000000000000000
0000000000011100000000000000
0000000001111111000000000000
0000000011111111010000000000
0000000111110011111110000000
0000001111100000111111000000
0000001111000000111111100000
0000011110000000001111110000
0000011110000000000111111000
0000011110000000000011111000
0000011110000000000001111000
0000011110000000000000111000
0000001111000000000000111000
0000001111100000000001111000
0000000111111100000001111000
0000000011111111100111110000
0000000001111111111111110000
0000000000011111111111100000
0000000000000001111100000000
0000000000000000000000000000
0000000000000000000000000000
0000000000000000000000000000
0000000000000000000000000000
0000000000000000000000000000
