0000000000000000000000000000
0000000000000000000000000000
0000000000000000000000000000
0000000000000000000000000000
0000000000000000000000000000
0000000000000000111111000000
0000000000000001111111100000
0000000000000111111111111000
0000000000001111111111111000
0000000000111111111011111000
0000000011111111000111111000
0000000011111110000111111000
0000000111111100000111111000
0000001111111100000111111000
0000001111100000000111110000
0000011111100000000111100000
0000011111100000000111100000
0000011111000000001111100000
0000011111000000111111100000
0000011111111111111111000000
0000011111111111111110000000
0000011111111111111000000000
0000011111111111100000000000
0000000011100000000000000000
0000000000000000000000000000
0000000000000000000000000000
0000000000000000000000000000
0000000000000000000000000000
