0000000000000000000000000000
0000000000000000000000000000
0000000000000000000000000000
0000000000000000000000000000
0000000000001111110000000000
0000000000011111111000000000
0000000000111111111100000000
0000000001111111111110000000
0000000001111100001111000000
0000000011111000000111000000
0000000011111000000111000000
0000000011110000000111100000
0000000011110000000111100000
0000000011110000000111100000
0000000011110000000111000000
0000000111110000001111000000
0000000111110000011111000000
0000000111110000011110000000
0000000111110000111110000000
0000000111110001111100000000
0000000011110011111100000000
0000000011111111111000000000
0000000011111111110000000000
0000000001111111100000000000
0000000000000000000000000000
0000000000000000000000000000
0000000000000000000000000000
0000000000000000000000000000
