0000000000000000000000000000
0000000000000000000000000000
0000000000000000000000000000
0000000000000000000000000000
0000000000000011111100000000
0000000001111111111110000000
0000000011111111011111000000
0000000111100111000111100000
0000000111000110000111100000
0000001110000110000011100000
0000001110000110000011110000
0000011100000000000001110000
0000011100000000000000110000
0000011100000000000000110000
0000011100000000000000110000
0000011100000000000000110000
0000011100000000000000110000
0000011110000000000000111000
0000001110000000000000111000
0000001111000000000011110000
0000000111110000000111110000
0000000011111111111111100000
0000000001111111111111000000
0000000000111111111100000000
0000000000000000000000000000
0000000000000000000000000000
0000000000000000000000000000
0000000000000000000000000000
