0000000000000000000000000000
0000000000000000000000000000
0000000000000000000000000000
0000000000000000000000000000
0000000000000000000000000000
0000000000000011111110000000
0000000000011111111111000000
0000000000111111111111000000
0000000011111111111111000000
0000000111111111111111100000
0000000111111110111111110000
0000001111100000001111110000
0000011111000000000011111000
0000011110000000000001111000
0000011100000000000001111000
0000011000000000000001111000
0000011000000000000001110000
0000011000000000000011110000
0000011100000000000111110000
0000011100000000001111100000
0000011110000000011111000000
0000001110000001111111000000
0000001111111111111110000000
0000000111111111111000000000
0000000011111111100000000000
0000000000000000000000000000
0000000000000000000000000000
0000000000000000000000000000
