0000000000000000000000000000
0000000000000000000000000000
0000000000000000000000000000
0000000000000000000000000000
0000000000000000000000000000
0000000000011101111111000000
0000000000011111111111100000
0000000001111111111111100000
0000000001111111000011100000
0000000111111100000001100000
0000000111111000000001110000
0000000111100000000001110000
0000000111100000000001110000
0000000111100000000011100000
0000000111100000000111100000
0000000111000000000111100000
0000000111000000000111100000
0000001110000000001111000000
0000001110000000011110000000
0000011110000000111110000000
0000011110000001111100000000
0000001111100111111000000000
0000000111111111111000000000
0000000111111111100000000000
0000000011111111000000000000
0000000000000000000000000000
0000000000000000000000000000
0000000000000000000000000000
