0000000000000000000000000000
0000000000000000000000000000
0000000000000000000000000000
0000000000000000000000000000
0000000000000011111000000000
0000000000000111111100000000
0000000000001111111100000000
0000000000011111011110000000
0000000000011111011110000000
0000000000111110001110000000
0000000000111110001110000000
0000000000111100001110000000
0000000000111000001110000000
0000000001111000001110000000
0000000001110000011110000000
0000000001111000011110000000
0000000001111000011110000000
0000000001110000111100000000
0000000001110001111100000000
0000000001110011111000000000
0000000001111111110000000000
0000000001111111100000000000
0000000001111111100000000000
0000000000111110000000000000
0000000000000000000000000000
0000000000000000000000000000
0000000000000000000000000000
0000000000000000000000000000
