0000000000000000000000000000
0000000000000000000000000000
0000000000000000000000000000
0000000000000000000000000000
0000000000000011111100000000
0000000000000111111110000000
0000000000001111111110000000
0000000000011111111111000000
0000000000111111000111000000
0000000000111111000111000000
0000000001111010000111000000
0000000001111000000111000000
0000000011110000000111000000
0000000011100000000111000000
0000000111100000000111000000
0000000111100000000111000000
0000000111000000001111000000
0000000111000000011110000000
0000000111000000111110000000
0000001111000011111100000000
0000000111000111111000000000
0000000111111111110000000000
0000000111111111000000000000
0000000011111100000000000000
0000000000000000000000000000
0000000000000000000000000000
0000000000000000000000000000
0000000000000000000000000000
