0000000000000000000000000000
0000000000000000000000000000
0000000000000000000000000000
0000000000000000000000000000
0000000000000011111000000000
0000000000000111111000000000
0000000000001111111100000000
0000000000011111111100000000
0000000000011111111110000000
0000000000111111001110000000
0000000000111110001110000000
0000000000111100001110000000
0000000001111000001110000000
0000000001111000011110000000
0000000011110000011110000000
0000000011110000011100000000
0000000111100000011100000000
0000000111100001111100000000
0000000111000001111000000000
0000000111000011111000000000
0000000111001111110000000000
0000000111111111100000000000
0000000111111111100000000000
0000000011111110000000000000
0000000000000000000000000000
0000000000000000000000000000
0000000000000000000000000000
0000000000000000000000000000
