0000000000000000000000000000
0000000000000000000000000000
0000000000000000000000000000
0000000000000000000000000000
0000000000000000000000000000
0000000001111111110000000000
0000000011111111111100000000
0000000011111111111111100000
0000000011111111111111110000
0000000001111110001111110000
0000000011111100000111111000
0000000111110000000001111000
0000000111100000000001111000
0000001111100000000001111000
0000011111100000000111111000
0000011111100000001111111000
0000011111100000111111110000
0000011110000000111111100000
0000011110000111111111000000
0000011111111111111110000000
0000011111111111110000000000
0000011111111111100000000000
0000000111111111000000000000
0000000000100000000000000000
0000000000000000000000000000
0000000000000000000000000000
0000000000000000000000000000
0000000000000000000000000000
