0000000000000000000000000000
0000000000000000000000000000
0000000000000000000000000000
0000000000000000000000000000
0000000000000000000000000000
0000000000000011111111110000
0000000000000111111111110000
0000000000001111111111110000
0000000000011111111111110000
0000000000011111111011110000
0000000000111111110011110000
0000000001111111100111110000
0000000011111110000111110000
0000000111111100001111100000
0000001111111000001111100000
0000001111110000011111000000
0000011111100000011111000000
0000011111000000111100000000
0000111111000011111100000000
0000111111001111111100000000
0000111100011111111000000000
0000111111111111110000000000
0000111111111111100000000000
0000111111111111000000000000
0000011111111000000000000000
0000000000000000000000000000
0000000000000000000000000000
0000000000000000000000000000
