0000000000000000000000000000
0000000000000000000000000000
0000000000000000000000000000
0000000000000000000000000000
0000000000000000001111000000
0000000000000000001111000000
0000000000000000111110000000
0000000000000001111110000000
0000000000000011111110000000
0000000000000111111110000000
0000000000001111111110000000
0000000000001111101110000000
0000000000111110001110000000
0000000001111100001110000000
0000000011111000001110000000
0000000111110000001110000000
0000000111100000001110000000
0000001111000000011110000000
0000001110000000111100000000
0000001110000001111000000000
0000001111000011110000000000
0000001111111111100000000000
0000000111111110000000000000
0000000011111100000000000000
0000000000000000000000000000
0000000000000000000000000000
0000000000000000000000000000
0000000000000000000000000000
