0000000000000000000000000000
0000000000000000000000000000
0000000000000000000000000000
0000000000000000000000000000
0000000000000000000000000000
0000000001111111111110000000
0000000111111111111111000000
0000000111111111111111100000
0000000111111111111111100000
0000001111111111000011111000
0000001111111100000011111000
0000011111111100000011111000
0000011111110000000001111000
0000011111110000000001111000
0000011111000000000001111000
0000011111000000000001111000
0000011111000000000001111000
0000011111000000000011110000
0000011111000000000111100000
0000011111000000001111100000
0000001111110011111111100000
0000000111111111111111000000
0000000111111111111110000000
0000000011111111111000000000
0000000001111111111000000000
0000000000000000000000000000
0000000000000000000000000000
0000000000000000000000000000
