0000000000000000000000000000
0000000000000000000000000000
0000000000000000000000000000
0000000000000000000000000000
0000000000000000011110000000
0000000000001111111111000000
0000000000011111111111000000
0000000001111111111111100000
0000000111111111100111100000
0000000111111111100111100000
0000001111111011000011100000
0000011111110000000011110000
0000011100000000000011110000
0000011100000000000011110000
0000111000000000000011110000
0000111000000000000011110000
0000111000000000000011110000
0000111000000000000111100000
0000111100000000001111000000
0000111110000000111110000000
0000011111100111111100000000
0000011111111111111100000000
0000001111111111111000000000
0000000111111111100000000000
0000000000000000000000000000
0000000000000000000000000000
0000000000000000000000000000
0000000000000000000000000000
