0000000000000000000000000000
0000000000000000000000000000
0000000000000000000000000000
0000000000000000000000000000
0000000000000000000000000000
0000000000011111110000000000
0000000000011111111100000000
0000000001111111111100000000
0000000011111111111110000000
0000000011111111111111000000
0000000111111111111111000000
0000001111100000011111000000
0000001111100000011111000000
0000011111000000011111000000
0000011100000000011111000000
0000011100000000011111000000
0000011100000000111111000000
0000011100000001111110000000
0000011110000011111110000000
0000011100000111111000000000
0000011111000111110000000000
0000000111111111100000000000
0000000111111111100000000000
0000000111111101000000000000
0000000111111100000000000000
0000000000000000000000000000
0000000000000000000000000000
0000000000000000000000000000
