0000000000000000000000000000
0000000000000000000000000000
0000000000000000000000000000
0000000000000000000000000000
0000000000000000000000000000
0000000000011111111000000000
0000000000111111111110000000
0000000001111111111110000000
0000000011111100111111000000
0000000111110001111111100000
0000000111110001111111100000
0000001111100001111111110000
0000001111000001111011110000
0000011110000011111011110000
0000011110000011110001110000
0000011110000011110001110000
0000011110000011110011110000
0000011110000000000011110000
0000011110000000000111110000
0000001110000000000111100000
0000001111000000001111100000
0000000111110000011111000000
0000000111111111111110000000
0000000011111111111110000000
0000000000111111111100000000
0000000000000000000000000000
0000000000000000000000000000
0000000000000000000000000000
