0000000000000000000000000000
0000000000000000000000000000
0000000000000000000000000000
0000000000000000000000000000
0000000000000011110000000000
0000000000001111111111000000
0000000000001111111111100000
0000000000011111111011100000
0000000000111111111101110000
0000000000111110111100100000
0000000000111000011110000000
0000000000111000001110000000
0000000001110000001110000000
0000000001110000001110000000
0000000001110000001110000000
0000000011110000001110000000
0000000011110000001110000000
0000000011110000001110000000
0000000011111000011110000000
0000000011111111111100000000
0000000011111111111100000000
0000000001111111111000000000
0000000001111111110000000000
0000000000111111100000000000
0000000000000000000000000000
0000000000000000000000000000
0000000000000000000000000000
0000000000000000000000000000
