0000000000000000000000000000
0000000000000000000000000000
0000000000000000000000000000
0000000000000000000000000000
0000000000000000000000000000
0000000000000000000000000000
0000000000000000000000000000
0000000000000111100000000000
0000000000111111111000000000
0000000011111111111111000000
0000000111111111111111100000
0000001111101111100111110000
0000011111011111000001111000
0000011110000000000000111000
0000011100000000000000111000
0000011100000000000000111000
0000011100000000000011111000
0000011110000000011111110000
0000011111111111111111100000
0000000111111111111110000000
0000000011111111000000000000
0000000000000000000000000000
0000000000000000000000000000
0000000000000000000000000000
0000000000000000000000000000
0000000000000000000000000000
0000000000000000000000000000
0000000000000000000000000000
