0000000000000000000000000000
0000000000000000000000000000
0000000000000000000000000000
0000000000000000000000000000
0000000000000000000000000000
0000000000111111110000000000
0000000001111111111000000000
0000000011111000111100000000
0000000011110000111100000000
0000000111100000111111000000
0000001111000000111111000000
0000001110000000111111000000
0000001110000000111111000000
0000001100000000111111000000
0000001100000000111111000000
0000011100000011111111000000
0000011100000011110011000000
0000011100000011100111000000
0000001100000001000111000000
0000001110000000001110000000
0000001110000000001110000000
0000001111000000111100000000
0000000111110001111100000000
0000000011111111110000000000
0000000001111111100000000000
0000000000000000000000000000
0000000000000000000000000000
0000000000000000000000000000
