0000000000000000000000000000
0000000000000000000000000000
0000000000000000000000000000
0000000000000000000000000000
0000000000000000111110000000
0000000000000000111111000000
0000000000000001111111000000
0000000000000011111011100000
0000000000000011100011100000
0000000000000111100011100000
0000000000001111000011100000
0000000000011110000011100000
0000000000011100000011100000
0000000000111100000011100000
0000000001111000000011100000
0000000001110000001111000000
0000000011110000001110000000
0000000111100000001110000000
0000000111100000011110000000
0000001111000001111100000000
0000001111000111100000000000
0000001111111111000000000000
0000001111111110000000000000
0000000111111100000000000000
0000000000000000000000000000
0000000000000000000000000000
0000000000000000000000000000
0000000000000000000000000000
