0000000000000000000000000000
0000000000000000000000000000
0000000000000000000000000000
0000000000000000111110000000
0000000000000011111111000000
0000000000001111111111100000
0000000000011111111111100000
0000000000111111111111100000
0000000001111111100011100000
0000000011111110000011100000
0000000111111100000011100000
0000001111110000000011110000
0000011111100000000001110000
0000011111100000000001110000
0000011110000000000011110000
0000111100000000000011110000
0000111100000000000011110000
0000111100000000001111110000
0000111111110000111111110000
0000111111111111111111100000
0000011111111111111111100000
0000011111111111111111000000
0000001111111111111000000000
0000000000000000000000000000
0000000000000000000000000000
0000000000000000000000000000
0000000000000000000000000000
0000000000000000000000000000
