0000000000000000000000000000
0000000000000000000000000000
0000000000000000000000000000
0000000000000000000000000000
0000000000000000001111000000
0000000000000000011111000000
0000000000000000111111000000
0000000000000001111111000000
0000000000000011111111000000
0000000000000111100011000000
0000000000001111000011000000
0000000000011111000110000000
0000000000111100000110000000
0000000001111000000110000000
0000000011110000001110000000
0000000111100000011110000000
0000000111100000011110000000
0000001111000000111100000000
0000001110000001111000000000
0000001110000111110000000000
0000001111011111100000001100
0000001111111111100000000000
0000001111111111000000000000
0000001111111100000000000000
0000000000000000000000000000
0000000000000000000000000000
0000000000000000000000000000
0000000000000000000000000000
