0000000000000000000000000000
0000000000000000000000000000
0000000000000000000000000000
0000000000000000000000000000
0000000000000111110000000000
0000000000001111111000000000
0000000000011111111100000000
0000000000111110011100000000
0000000000111100011100000000
0000000001111100011100000000
0000000001111000011100000000
0000000001110000011110000000
0000000011110000001110000000
0000000011110000001110000000
0000000011110000001111000000
0000000011110000001111000000
0000000011110000001111000000
0000000011110000011110000000
0000000011110000011110000000
0000000011110000111110000000
0000000011110001111100000000
0000000001111111111000000000
0000000000111111110000000000
0000000000111111100000000000
0000000000000000000000000000
0000000000000000000000000000
0000000000000000000000000000
0000000000000000000000000000
