0000000000000000000000000000
0000000000000000000000000000
0000000000000000000000000000
0000000000000000000000000000
0000000000000011110000000000
0000000000001111111000000000
0000000000001111111111100000
0000000000011111111111110000
0000000000111111111111110000
0000000000111111111111110000
0000000001111110111111110000
0000000001111100000111110000
0000000011111100001111110000
0000000111111000011111100000
0000000111111000011111100000
0000001111110000111111000000
0000011111100001111111000000
0000011111000011111111000000
0000011110000011111100000000
0000111110001111111000000000
0000111110111111110000000000
0000111111111111110000000000
0000011111111111000000000000
0000011111111100000000000000
0000000000000000000000000000
0000000000000000000000000000
0000000000000000000000000000
0000000000000000000000000000
