0000000000000000000000000000
0000000000000000000000000000
0000000000000000000000000000
0000000000000000000000000000
0000000000000111111100000000
0000000000001111111100000000
0000000000001111111111000000
0000000000001111111111100000
0000000000000111111111110000
0000000000000011111111110000
0000000000001111110111110000
0000000000011111110011110000
0000000000111111000011110000
0000000000111110000011110000
0000000001111110000011110000
0000000011111100000111110000
0000000011111000000111110000
0000001111111000011111110000
0000001111110001111111000000
0000111111111111111100000000
0000111111111111110000000000
0000111111111111100000000000
0000011111111110000000000000
0000001111111000000000000000
0000000000000000000000000000
0000000000000000000000000000
0000000000000000000000000000
0000000000000000000000000000
