0000000000000000000000000000
0000000000000000000000000000
0000000000000000000000000000
0000000000000000000000000000
0000000000000000011110000000
0000000000000111111110000000
0000000000001111111110000000
0000000000011111111111000000
0000000001111111111111000000
0000000001111110001111000000
0000000011111100000111000000
0000000011110000000111100000
0000000111110000000111100000
0000000111100000000011100000
0000000111100000000111100000
0000001111000000000111100000
0000001111000000000011100000
0000001111000000000111100000
0000001111000000001111000000
0000001111100000011111000000
0000000111111111111110000000
0000000111111111111110000000
0000000011111111111000000000
0000000000111111100000000000
0000000000000000000000000000
0000000000000000000000000000
0000000000000000000000000000
0000000000000000000000000000
