0000000000000000000000000000
0000000000000000000000000000
0000000000000000000000000000
0000000000000000000000000000
0000000000000000000000000000
0000000000000000000000000000
0000000000000000000000000000
0000000000000000000000000000
0000000001111111111111000000
0000000111111111111111110000
0000001111111111111111111000
0000001111111111111111111000
0000011111101111110001111000
0000011111001111000001111000
0000011110000111000001111000
0000011110000011000011111000
0000011110000000000111110000
0000011110000000011111110000
0000011111111111111111100000
0000011111111111111111000000
0000001111111111111110000000
0000000111111111111000000000
0000000000000000000000000000
0000000000000000000000000000
0000000000000000000000000000
0000000000000000000000000000
0000000000000000000000000000
0000000000000000000000000000
