0000000000000000000000000000
0000000000000000000000000000
0000000000000000000000000000
0000000000000000000000000000
0000000000000011111011000000
0000000000000111111111100000
0000000000001111111111100000
0000000000011110000011100000
0000000000011100000001110000
0000000000011100000001110000
0000000001111000000001110000
0000000011111000000001110000
0000000111110000000001100000
0000000111100000000001100000
0000000111000000000011100000
0000000111000000000111100000
0000000111000000000111100000
0000000111000000001111000000
0000000111000000011110000000
0000001111000000011100000000
0000001111000001111100000000
0000000111101111111000000000
0000000111111111100000000000
0000000011111110000000000000
0000000000000000000000000000
0000000000000000000000000000
0000000000000000000000000000
0000000000000000000000000000
