0000000000000000000000000000
0000000000000000000000000000
0000000000000000000000000000
0000000000000000000000000000
0000000000000000000000000000
0000000000000001111111100000
0000000000000011111111110000
0000000000001111111111110000
0000000000011111111111110000
0000000000111111111111110000
0000000001111111011111110000
0000000111111111001111110000
0000000111111100000111100000
0000001111110000000111100000
0000011111100000000111100000
0000011111100000011111000000
0000111111000000011111000000
0000111110000000011110000000
0000111110000011111100000000
0000111110000011111100000000
0000111110001111111000000000
0000111111111111110000000000
0000111111111111000000000000
0000011111111110000000000000
0000001111111000000000000000
0000000000000000000000000000
0000000000000000000000000000
0000000000000000000000000000
