0000000000000000000000000000
0000000000000000000000000000
0000000000000000000000000000
0000000000000000000000000000
0000000000000111111111000000
0000000000001111111111000000
0000000000011111111111000000
0000000000111111100111100000
0000000000111111000111100000
0000000001111110000111100000
0000000001111100000111100000
0000000011111100000111000000
0000000011110000001111000000
0000000111100000001111000000
0000000111100000011111000000
0000000111100000011110000000
0000000111000000111110000000
0000001111000001111100000000
0000001111000011111000000000
0000001111000111110000000000
0000011111001111110000000000
0000011111111111100000000000
0000001111111111000000000000
0000001111111110000000000000
0000000000000000000000000000
0000000000000000000000000000
0000000000000000000000000000
0000000000000000000000000000
