0000000000000000000000000000
0000000000000000000000000000
0000000000000000000000000000
0000000000000000000000000000
0000000000000011111000000000
0000000000000111111100000000
0000000000000111111100000000
0000000000011111111100000000
0000000000111111111100000000
0000000000111111111100000000
0000000001111111111110000000
0000000011111111111110000000
0000000111111110011110000000
0000000111111100011110000000
0000001111111000011111000000
0000001111110000011111000000
0000001111100000111111000000
0000001111100011111111000000
0000001111111111111110000000
0000001111111111111110000000
0000001111111111111100000000
0000000111111111111100000000
0000000011111111110000000000
0000000000111111100000000000
0000000000000000000000000000
0000000000000000000000000000
0000000000000000000000000000
0000000000000000000000000000
