0000000000000000000000000000
0000000000000000000000000000
0000000000000000000000000000
0000000000000000000000000000
0000000001111110000000000000
0000000011111111000000000000
0000000111100111100000000000
0000000111000001110000000000
0000000111000000111000000000
0000000111000000011100000000
0000000111000000001110000000
0000000110000000000111000000
0000000110000000000111000000
0000000111000000000011100000
0000000111000000000011100000
0000000111000000000011100000
0000000011100000000011100000
0000000011100000000011100000
0000000011100000000111000000
0000000001110000001111000000
0000000001111000001110000000
0000000000111100111110000000
0000000000011111111100000000
0000000000001111110000000000
0000000000000000000000000000
0000000000000000000000000000
0000000000000000000000000000
0000000000000000000000000000
