0000000000000000000000000000
0000000000000000000000000000
0000000000000000000000000000
0000000000000000000000000000
0000000000000000001111110000
0000000000000000011111110000
0000000000000011111111111000
0000000000000111111111111000
0000000000001111111000111000
0000000000001111110001111000
0000000000011111100001111000
0000000000111111000001111000
0000000001111110000011111000
0000000011111000000111110000
0000000111111000000111100000
0000000111111000001111100000
0000001111110000001111000000
0000001111111000111110000000
0000011110011011111100000000
0000011110001111111100000000
0000011111111111111000000000
0000011111111111100000000000
0000011111111110000000000000
0000001111111100000000000000
0000000000000000000000000000
0000000000000000000000000000
0000000000000000000000000000
0000000000000000000000000000
