0000000000000000000000000000
0000000000000000000000000000
0000000000000000000000000000
0000000000000000000000000000
0000000000000000000000000000
0000000000000000000000000000
0000000000000000000000000000
0000000000000000011100000000
0000000000000000111110000000
0000000000000111111111111000
0000000000001111101111111000
0000000000111110111111111000
0000000011111101111101110000
0000000111110001100011100000
0000000111100000000111100000
0000001111000000000111100000
0000001111000000001111000000
0000011110000000111110000000
0000011110000011111100000000
0000011110011111110000000000
0000011111111111000000000000
0000001111111110000000000000
0000000111100000000000000000
0000000000000000000000000000
0000000000000000000000000000
0000000000000000000000000000
0000000000000000000000000000
0000000000000000000000000000
