0000000000000000000000000000
0000000000000000000000000000
0000000000000000000000000000
0000000000000000000000000000
0000000000001100000000000000
0000000111011111000000000000
0000001111011111110000000000
0000001111001111111000000000
0000001110000001111100000000
0000011110000000011110000000
0000011110000000011111100000
0000011110000000001111100000
0000011110000000000111110000
0000011110000000000011110000
0000011100000000000011110000
0000011100000000000001111000
0000011110000000000000111000
0000011110000000000001111000
0000011111000000000001111000
0000001111111100000111111000
0000000111111111111111110000
0000000011111111111111100000
0000000000011111111100000000
0000000000000000000000000000
0000000000000000000000000000
0000000000000000000000000000
0000000000000000000000000000
0000000000000000000000000000
