0000000000000000000000000000
0000000000000000000000000000
0000000000000000000000000000
0000000000000000000000000000
0000000000000000000000000000
0000000000000001111100000000
0000000000000011111110000000
0000000000000011111111000000
0000000000001111111111000000
0000000000111111110111100000
0000000011111111110111100000
0000000011111110000111100000
0000011111110000000011100000
0000011111100000000011100000
0000011110000000000011110000
0000011100000000000011110000
0000111100000000000011110000
0000111100000000000111110000
0000111110000000001111110000
0000111111100000011111100000
0000011111111111111111000000
0000011111111111111110000000
0000000011111111111000000000
0000000000000000000000000000
0000000000000000000000000000
0000000000000000000000000000
0000000000000000000000000000
0000000000000000000000000000
