0000000000000000000000000000
0000000000000000000000000000
0000000000000000000000000000
0000000000000000000000000000
0000000000011100000000000000
0000000000111111111100000000
0000000001111111111110000000
0000000011111111111111000000
0000000011111111111111100000
0000000111111111111111100000
0000000111111000011111110000
0000000111110000000111110000
0000001111100000000011110000
0000011111100000000011110000
0000011111100000000011110000
0000011111100000000011111000
0000011111110000000011111000
0000011111110000000111110000
0000011111100000011111110000
0000001111110011111111110000
0000001111111111111111110000
0000000111111111111111100000
0000000011111111111111000000
0000000000111111111000000000
0000000000000000000000000000
0000000000000000000000000000
0000000000000000000000000000
0000000000000000000000000000
