0000000000000000000000000000
0000000000000000000000000000
0000000000000000000000000000
0000000000000000000000000000
0000000000000000000000000000
0000000000000000111111100000
0000000000011111111111111000
0000000011111111111111111000
0000000111111111101111111000
0000001111110000011111111000
0000001111000000111110111000
0000001110000001111101111000
0000011110000001111001111000
0000011110000111110001111000
0000011110000111100011110000
0000011110001111100011110000
0000011110011111000111100000
0000011110111110001111000000
0000011110111100111110000000
0000011110111101111100000000
0000011111111111111000000000
0000011111111111110000000000
0000001111111111100000000000
0000000111111110000000000000
0000000000000000000000000000
0000000000000000000000000000
0000000000000000000000000000
0000000000000000000000000000
