0000000000000000000000000000
0000000000000000000000000000
0000000000000000000000000000
0000000000000000000000000000
0000000000000000000000000000
0000000000000111111111000000
0000000000001111111111110000
0000000001011111111111111000
0000000011111111011111111000
0000000111111000000011111000
0000001111110000000011111000
0000011111110000000011111000
0000011111110000000111111000
0000011111100000001111111000
0000011111100000001111110000
0000011111100000011111110000
0000011111100000111111100000
0000011111100001111111000000
0000011111100011111111000000
0000011111100111111110000000
0000001111111111111000000000
0000001111111111111000000000
0000000111111111100000000000
0000000011111111000000000000
0000000000111000000000000000
0000000000000000000000000000
0000000000000000000000000000
0000000000000000000000000000
