0000000000000000000000000000
0000000000000000000000000000
0000000000000000000000000000
0000000000000000000000000000
0000000001110011000000000000
0000000011111111110000000000
0000001111111111110000000000
0000001111111111110000000000
0000011111111111111000000000
0000011111111111111100000000
0000011111111111111111000000
0000011111110111111111100000
0000011111100011111111110000
0000011111100000111111110000
0000011111110000111111111000
0000011111110000011111111000
0000011111110000011111111000
0000011111111111011111111000
0000011111111111111111111000
0000001111111111111111111000
0000001111111111111111100000
0000001111111111111111100000
0000000011111111111111100000
0000000000111111111100000000
0000000000000000000000000000
0000000000000000000000000000
0000000000000000000000000000
0000000000000000000000000000
