0000000000000000000000000000
0000000000000000000000000000
0000000000000000000000000000
0000000000000000000000000000
0000000000000000000000000000
0000000000000110111111000000
0000000000001111111111100000
0000000000011111111111110000
0000000000111111110011110000
0000000000111101110001110000
0000000001111001100011110000
0000000001110000000011110000
0000000011110000000011100000
0000000111110000000111100000
0000000111100000001111000000
0000000111100000001110000000
0000001111000000111110000000
0000001111000001111100000000
0000001111000001111000000000
0000001110000111110000000000
0000001110001111100000000000
0000001111111111000000000000
0000001111111110000000000000
0000000111111100000000000000
0000000011110000000000000000
0000000000000000000000000000
0000000000000000000000000000
0000000000000000000000000000
