0000000000000000000000000000
0000000000000000000000000000
0000000000000000000000000000
0000000000000000000000000000
0000000000000000000000000000
0000000000000000111110000000
0000000000000011111111000000
0000000000000111111111100000
0000000000001111111111110000
0000000000011111100111110000
0000000000111110000011110000
0000000001111100000001110000
0000000011110000000001110000
0000000111100000000001110000
0000001111100000000001110000
0000001110000000000011110000
0000011110000000000111100000
0000111100000000001111000000
0000111000000000011110000000
0000111000000001111100000000
0000110000000111111000000000
0000110000111111100000000000
0000111111111110000000000000
0000111111111000000000000000
0000111111100000000000000000
0000000000000000000000000000
0000000000000000000000000000
0000000000000000000000000000
