0000000000000000000000000000
0000000000000000000000000000
0000000000000000000000000000
0000000000000000000000000000
0000000000000001111000000000
0000000000111011111000000000
0000000001111111111110000000
0000000011111111111110000000
0000000111100111101110000000
0000000111000011001110000000
0000000110000000000111000000
0000001110000000000111000000
0000001110000000000110000000
0000001110000000000110000000
0000001110000000000111100000
0000001110000000000011100000
0000001110000000000111100000
0000000111100000000111100000
0000000111110000000111100000
0000000011111000000111100000
0000000001111110011111000000
0000000001111111111111000000
0000000000011111111100000000
0000000000000111111000000000
0000000000000000000000000000
0000000000000000000000000000
0000000000000000000000000000
0000000000000000000000000000
