0000000000000000000000000000
0000000000000000000000000000
0000000000000000000000000000
0000000000000011100000000000
0000000000000111100000000000
0000000000001111100000000000
0000000000011111100000000000
0000000000011111011100000000
0000000001111110011110000000
0000000001111110001111000000
0000000001111100001111100000
0000000111111000001111100000
0000000111111000001111100000
0000000111110000001111100000
0000000111110000001111100000
0000000111100000111111100000
0000000111100000111111000000
0000000111100001111110000000
0000000111100011111110000000
0000000111111111111100000000
0000000011111111111100000000
0000000001111111111000000000
0000000000111111100000000000
0000000000000000000000000000
0000000000000000000000000000
0000000000000000000000000000
0000000000000000000000000000
0000000000000000000000000000
