0000000000000000000000000000
0000000000000000000000000000
0000000000000000000000000000
0000000000000000000000000000
0000000000000000111111000000
0000000000000000111111100000
0000000000000001111111100000
0000000000000011111111100000
0000000000000011111011100000
0000000000001111100011100000
0000000000011111100011100000
0000000000111111000011100000
0000000001111100000111100000
0000000011111000000111100000
0000000111110000000111100000
0000001111100000000111000000
0000001111000000001111000000
0000011111000000011111000000
0000011110000000111110000000
0000011110000001111100000000
0000011110001111111000000000
0000011111111111100000000000
0000001111111111000000000000
0000000111111100000000000000
0000000000000000000000000000
0000000000000000000000000000
0000000000000000000000000000
0000000000000000000000000000
