0000000000000000000000000000
0000000000000000000000000000
0000000000000000000000000000
0000000000000000000000000000
0000000000000011111100000000
0000000000000111111110000000
0000000000001111111111000000
0000000000011111111111000000
0000000000011111001111100000
0000000000111110000111100000
0000000000111110000011100000
0000000001111111000011100000
0000000001111011000011100000
0000000011110000000111100000
0000000011110000001111100000
0000000111100000011111100000
0000000111100000111111000000
0000000111000011111110000000
0000001111000011111100000000
0000001111011111111000000000
0000001111111111110000000000
0000001111111111100000000000
0000000111111111000000000000
0000000111111100000000000000
0000000000000000000000000000
0000000000000000000000000000
0000000000000000000000000000
0000000000000000000000000000
