0000000000000000000000000000
0000000000000000000000000000
0000000110000000000000000000
0000000100000000000000000000
0000000100000000000000000000
0000000000000000000000000000
0000000000000000000000000000
0000000000111100111100000000
0000000000111111111111000000
0000000001111111111111100000
0000000101111111111111100000
0000000111111111111111100000
0000000111111111111111110000
0000001111111111100111100000
0000000111111100001111100000
0000001111111000011111100000
0000001111100000111111000000
0000001111000001111111000000
0000001111000111111110000000
0000000111111111111000000000
0000000111111111110000000000
0000000011111111000000000000
0000000000000000000000000000
0000000000000000000000000000
0000000000000000000000000000
0000000000000000000000000000
0000000000000000000000000000
0000000000000000000000000000
