0000000000000000000000000000
0000000000000000000000000000
0000000000000000000000000000
0000000000000000000000000000
0000000000000111110000000000
0000000000011111111000000000
0000000000011111111100000000
0000000000110000111110000000
0000000000110000011110000000
0000000001110000011110000000
0000000011110000011110000000
0000000011100000011110000000
0000000011100000011110000000
0000000111100000011110000000
0000000111100000011110000000
0000000111100000011110000000
0000000111100000111110000000
0000000111100000111100000000
0000000111100001111100000000
0000000111100001111000000000
0000000111110011111000000000
0000000111111111110000000000
0000000011111111100000000000
0000000000111111000000000000
0000000000000000000000000000
0000000000000000000000000000
0000000000000000000000000000
0000000000000000000000000000
