0000000000000000000000000000
0000000000000000000000000000
0000000000000000000000000000
0000000000000000000000000000
0000000000000001110000000000
0000000000000011111100000000
0000000000000111111100000000
0000000000011111111110000000
0000000000111110011110000000
0000000001111000011110000000
0000000011110000011111000000
0000000111100000000111000000
0000000111000000000111000000
0000000111000000000111000000
0000001110000000000110000000
0000001110000000001110000000
0000001110000000001110000000
0000001110000000011110000000
0000001110000000011100000000
0000000110000000011000000000
0000000111000000111000000000
0000000111100011111000000000
0000000011111111110000000000
0000000001111111100000000000
0000000000000000000000000000
0000000000000000000000000000
0000000000000000000000000000
0000000000000000000000000000
