0000000000000000000000000000
0000000000000000000000000000
0000000000000000000000000000
0000000000000000000000000000
0000000000000000000000000000
0000000001110011111100000000
0000000011111111111111000000
0000000011111001111111000000
0000000111111000001111100000
0000001111000000000011100000
0000001111000000000001110000
0000011100000000000001110000
0000011100000000000001110000
0000111000000000000000110000
0000111000000000000000110000
0000110000000000000000110000
0000110000000000000001110000
0000110000000000000001110000
0000111000000000000111100000
0000111100000000001111100000
0000111110000000011110000000
0000011111100001111100000000
0000001111111111111100000000
0000000111111111110000000000
0000000000111100100000000000
0000000000000000000000000000
0000000000000000000000000000
0000000000000000000000000000
