0000000000000000000000000000
0000000000000000000000000000
0000000000000000000000000000
0000000000000000000000000000
0000000000001111110000000000
0000000000001111111000000000
0000000000001111111000000000
0000000000001110111100000000
0000000000001100011100000000
0000000000001110011100000000
0000000000011110011100000000
0000000000011100011100000000
0000000000011100011100000000
0000000000111000011100000000
0000000000111000111000000000
0000000000111000111000000000
0000000000111001111000000000
0000000000111001110000000000
0000000001110001110000000000
0000000001110011110000000000
0000000001111111110000000000
0000000001111111100000000000
0000000000111111000000000000
0000000000111110000000000000
0000000000000000000000000000
0000000000000000000000000000
0000000000000000000000000000
0000000000000000000000000000
