0000000000000000000000000000
0000000000000000000000000000
0000000000000000000000000000
0000000000000000000000000000
0000000000000001111100000000
0000000000000011111110000000
0000000000001111111111000000
0000000000011111111111100000
0000000000011111111111110000
0000000000111110011111110000
0000000011111110001111110000
0000000011111100001111110000
0000000111111000001111110000
0000001111111000011111110000
0000000111110000011111100000
0000001111100000011111100000
0000001111100001111111100000
0000001111100001111110000000
0000001111000111111110000000
0000001111001111111100000000
0000001111111111111000000000
0000001111111111100000000000
0000000111111111000000000000
0000000111111000000000000000
0000000000000000000000000000
0000000000000000000000000000
0000000000000000000000000000
0000000000000000000000000000
