0000000000000000000000000000
0000000000000000000000000000
0000000000000000000000000000
0000000000000000000000000000
0000000001110000011100000000
0000000011110011111110000000
0000000011110111111111000000
0000000111100111111111100000
0000001111000111100011100000
0000001111000111100011110000
0000011111000011100001110000
0000011110000000000001111000
0000011110000000000001111000
0000011110000000000001111000
0000011110000000000001111000
0000011110000000000001111000
0000011110000000000001111000
0000011111000000000001110000
0000001111000000000011110000
0000001111000000000111110000
0000000111110000111111000000
0000000111111111111111000000
0000000011111111111110000000
0000000001111111111000000000
0000000000000000000000000000
0000000000000000000000000000
0000000000000000000000000000
0000000000000000000000000000
