0000000000000000000000000000
0000000000000000000000000000
0000000000000000000000000000
0000000000000000000000000000
0000000000000000001110000000
0000000000000000001111100000
0000000000000000011111100000
0000000000000001111111100000
0000000000000001111111100000
0000000000000011110111100000
0000000000001111110111100000
0000000000001111000111100000
0000000000111110001111100000
0000000001111100001111100000
0000000111111000011111000000
0000001111110000111111000000
0000001111100001111110000000
0000011111000011111100000000
0000111110000011111100000000
0001111100001111110000000000
0001111101011111100000000000
0001111111111111100000000000
0000111111111110000000000000
0000111000001000000000000000
0000000000000000000000000000
0000000000000000000000000000
0000000000000000000000000000
0000000000000000000000000000
