0000000000000000000000000000
0000000000000000000000000000
0000000000000000000000000000
0000000000000000000000000000
0000000000000000000000000000
0000000000011111110000000000
0000000001111111111000000000
0000000111111111111100000000
0000001111111110111110000000
0000001111101110011111000000
0000011110001110001111100000
0000011110000000000111100000
0000011100000000000111100000
0000011100000000000111110000
0000011100000000000111110000
0000111100000000000011110000
0000111100000000000111110000
0000111110000000000111100000
0000011110000000001111100000
0000011110000000001111100000
0000001111000000011111000000
0000000111110111111110000000
0000000111111111111100000000
0000000001111111111000000000
0000000000011111100000000000
0000000000000000000000000000
0000000000000000000000000000
0000000000000000000000000000
