0000000000000000000000000000
0000000000000000000000000000
0000000000000000000000000000
0000000000000000000000000000
0000000000001111100000000000
0000000001111111111000000000
0000000001111111111000000000
0000000001111111111110000000
0000000001111100001111000000
0000000001111000000111100000
0000000011111000000011100000
0000000111110000000011100000
0000000111100000000011110000
0000000111100000000001110000
0000000111100000000001110000
0000000111100000000001110000
0000000111100000000001110000
0000000111100000000001110000
0000000111100000000011100000
0000000111110000001111100000
0000000001111001111111100000
0000000001111111111111000000
0000000001111111111110000000
0000000000111111111000000000
0000000000000000000000000000
0000000000000000000000000000
0000000000000000000000000000
0000000000000000000000000000
