0000000000000000000000000000
0000000000000000000000000000
0000000000000000000000000000
0000000000000000000000000000
0000000000000011110000000000
0000000000000111111000000000
0000000000000111111000000000
0000000000001111111100000000
0000000000011110011100000000
0000000000111110011100000000
0000000000111100011100000000
0000000001111000011100000000
0000000001111000011110000000
0000000001110000011100000000
0000000011100000011100000000
0000000011100000011100000000
0000000011100000111100000000
0000000111100000111100000000
0000000111100001111000000000
0000000011100001111000000000
0000000011110011110000000000
0000000011111111110000000000
0000000001111111100000000000
0000000000111111000000000000
0000000000000000000000000000
0000000000000000000000000000
0000000000000000000000000000
0000000000000000000000000000
