0000000000000000000000000000
0000000000000000000000000000
0000000000000000000000000000
0000000000000000000000000000
0000000000011111110000000000
0000000001111111111000000000
0000000011111111111110000000
0000000111110000111110000000
0000000111100000011111000000
0000000111100000001111000000
0000000111000000001111100000
0000001111000000000111100000
0000001111000000000111100000
0000001111000000000111100000
0000001111000000000111100000
0000001111000000000111100000
0000001111000000000111100000
0000001111000000000111100000
0000001111000000001111000000
0000000111100000011111000000
0000000111111001111110000000
0000000111111111111110000000
0000000011111111111000000000
0000000001111111000000000000
0000000000000000000000000000
0000000000000000000000000000
0000000000000000000000000000
0000000000000000000000000000
