0000000000000000000000000000
0000000000000000000000000000
0000000000000000000000000000
0000000000000000000000000000
0000000000000000000000000000
0000000000000000000011000000
0000000000000000011111110000
0000000000000000111111111000
0000000000000011111111111000
0000000000000111111011011000
0000000000001111100000011000
0000000000011111000000011000
0000000000111110000000111000
0000000001111100000001111000
0000000011111000000011110000
0000000111111000000111100000
0000001111110000011111100000
0000011110110000111111000000
0000011100111111111100000000
0000011101111111110000000000
0000011111111111000000000000
0000011111111100000000000000
0000001110000000000000000000
0000000000000000000000000000
0000000000000000000000000000
0000000000000000000000000000
0000000000000000000000000000
0000000000000000000000000000
