0000000000000000000000000000
0000000000000000000000000000
0000000000000000000000000000
0000000000000000000000000000
0000000000000001111000000000
0000000000000111111110000000
0000000000011111111110000000
0000000000111111111111000000
0000000001111111111111000000
0000000011111110111111000000
0000000111111100011111000000
0000000111111000001111000000
0000000111110000001111000000
0000001111100000001111000000
0000001111100000011111000000
0000001111000000011111000000
0000001111000000011111000000
0000001111000000111111000000
0000001111100000111110000000
0000001111110011111110000000
0000000111111111111110000000
0000000111111111111100000000
0000000011111111111000000000
0000000000111111000000000000
0000000000000000000000000000
0000000000000000000000000000
0000000000000000000000000000
0000000000000000000000000000
