0000000000000000000000000000
0000000000000000000000000000
0000000000000000000000000000
0000000000000000000000000000
0000000000000000111111000000
0000000000000011111111000000
0000000000000111111111000000
0000000000001111111111000000
0000000000011111111111100000
0000000000111111111111100000
0000000001111110001111100000
0000000111111000001111100000
0000000111111000001111100000
0000001111110000001111100000
0000001111110000001111100000
0000011111100000001111100000
0000011111100000011111100000
0000111111000000111111100000
0000111111000011111111000000
0000111111000111111110000000
0000111111111111111100000000
0000011111111111100000000000
0000011111111111000000000000
0000001111111110000000000000
0000000000000000000000000000
0000000000000000000000000000
0000000000000000000000000000
0000000000000000000000000000
