0000000000000000000000000000
0000000000000000000000000000
0000000000000000000000000000
0000000000000000000000000000
0000000000111111110000000000
0000000000111111111100000000
0000000011111000111110000000
0000000111110000001111000000
0000000111100000000111000000
0000000111000000000111100000
0000001111000000000111100000
0000001110000000000111100000
0000001110000000000011110000
0000011100000000000011110000
0000111100000000000011110000
0000111100000000000011100000
0000111100000000000111100000
0000011100000000000111100000
0000011110000000011111000000
0000001111000011111111000000
0000000111000011111111000000
0000000111111000111110000000
0000000011111111111110000000
0000000000111111111000000000
0000000000000000000000000000
0000000000000000000000000000
0000000000000000000000000000
0000000000000000000000000000
