0000000000000000000000000000
0000000000000000000000000000
0000000000000000000000000000
0000000000000000000000000000
0000000000000011111000000000
0000000000000111111100000000
0000000000011111111110000000
0000000000011111111110000000
0000000000111111111111000000
0000000001111111011111000000
0000000001111110011111000000
0000000001111100011111000000
0000000001111100011111000000
0000000011111000011111000000
0000000011111000001111000000
0000000011111000001111000000
0000000011111000011111000000
0000000011111000011110000000
0000000011110000111110000000
0000000011111001111100000000
0000000011111111111100000000
0000000011111111111000000000
0000000001111111110000000000
0000000000011111100000000000
0000000000000000000000000000
0000000000000000000000000000
0000000000000000000000000000
0000000000000000000000000000
