0000000000000000000000000000
0000000000000000000000000000
0000000000000000000000000000
0000000000000000000000000000
0000000000000000000001110000
0000000000111110000001110000
0000000001111111110001110000
0000000011111111110001110000
0000000111111111110000110000
0000001111111111110001110000
0000001111101111110001110000
0000001111001111110001110000
0000011110001111110001110000
0000111110000001110001110000
0000111100000000000001110000
0000111100000000001101100000
0000111110000000011111100000
0000111110000000111111100000
0000011111111111111111000000
0000011111111111111111100000
0000011111111111111111100000
0000001011111111110001000000
0000000001101111000000000000
0000000000000000000000000000
0000000000000000000000000000
0000000000000000000000000000
0000000000000000000000000000
0000000000000000000000000000
