0000000000000000000000000000
0000000000000000000000000000
0000000000000000000000000000
0000000000000000000000000000
0000000000111110000000000000
0000000001111111000000000000
0000000011111111110000000000
0000000011110011111000000000
0000000111110001111100000000
0000000111000000011110000000
0000001111000000001111000000
0000001110000000000111100000
0000011110000000000011110000
0000011110000000000011110000
0000011100000000000001111000
0000011100000000000000111000
0000011100000000000000111000
0000011110000000000000011000
0000001110000000000000111000
0000001111000000000000111000
0000001111000000000011110000
0000000111110000111111100000
0000000011111111111111000000
0000000001111111111000000000
0000000000000000000000000000
0000000000000000000000000000
0000000000000000000000000000
0000000000000000000000000000
