0000000000000000000000000000
0000000000000000000000000000
0000000000000000000000000000
0000000000000000111111000000
0000000000000000111111100000
0000000000000000110111110000
0000000000000000000011110000
0000000000000000000011110000
0000000000000000000001110000
0000000000110000000011110000
0000000011111000000011110000
0000000011111000000111100000
0000000111110000000111100000
0000000111100000000111100000
0000000111100000001111100000
0000001111000000011111000000
0000011110000000011110000000
0000111100000001111110000000
0000111100000111111000000000
0000111000011111110000000000
0000111001111111100000000000
0000111111111111000000000000
0000011111111000000000000000
0000000000000000000000000000
0000000000000000000000000000
0000000000000000000000000000
0000000000000000000000000000
0000000000000000000000000000
