0000000000000000000000000000
0000000000000000000000000000
0000000000000000000000000000
0000000000000000000000000000
0000000001111111100000000000
0000000001111111110000000000
0000000001111111111100000000
0000000001111111111100000000
0000000011110000011110000000
0000000011110000000111000000
0000000011100000000111000000
0000000011100000000011000000
0000000011100000000011000000
0000000011100000000111000000
0000000011100000000111000000
0000000011110000000111000000
0000000011110000001111000000
0000000011110000011111000000
0000000011110000111110000000
0000000001110001111110000000
0000000001111111111100000000
0000000000111111111000000000
0000000000111111110000000000
0000000000011111100000000000
0000000000000000000000000000
0000000000000000000000000000
0000000000000000000000000000
0000000000000000000000000000
