0000000000000000000000000000
0000000000000000000000000000
0000000000000000000000000000
0000000000000000000000000000
0000000000000000000000000000
0000000000000001111111000000
0000000000000001111111110000
0000000000000111111111110000
0000000000001111100001111000
0000000000001111000000111000
0000000000111111111100111000
0000000001111111111100111000
0000000011111110011110111000
0000000111111000001110111000
0000000111111000000110011000
0000001111110000000110000000
0000011110110000000110000000
0000011110100000001110000000
0000011100000000001110000000
0000011100000000011110000000
0000011100000001111100000000
0000011110000011111000000000
0000011111101111110000000000
0000001111111111000000000000
0000000111111110000000000000
0000000000000000000000000000
0000000000000000000000000000
0000000000000000000000000000
