0000000000000000000000000000
0000000000000000000000000000
0000000000000000000000000000
0000000000000000000000000000
0000000000000000000000000000
0000000000111111110000000000
0000000011111111111000000000
0000000011111001111100000000
0000000111110000011111000000
0000001111000000001111000000
0000001110000000000011100000
0000001110000000000011100000
0000001110000000000001110000
0000011100000000000001110000
0000011100000000000001110000
0000011100000000000001110000
0000001100000000000001110000
0000001100000000000001110000
0000001110000000000001110000
0000001110000000000011100000
0000001110000000000011000000
0000000111000000011111000000
0000000111110001111100000000
0000000011111111111000000000
0000000001111111110000000000
0000000000000000000000000000
0000000000000000000000000000
0000000000000000000000000000
