0000000000000000000000000000
0000000000000000000000000000
0000000000000000000000000000
0000000000000000000000000000
0000000000000000000000000000
0000000000000001111100000000
0000000000000111111110000000
0000000000000111111111000000
0000000000001111111111000000
0000000000011111110111000000
0000000000111111100111000000
0000000000111111000111000000
0000000001111100000111000000
0000000001111100001111000000
0000000011110000001110000000
0000000111110000011110000000
0000000111100000111110000000
0000001111100000111100000000
0000001111000001111000000000
0000001110000011110000000000
0000001110001111110000000000
0000001110011111100000000000
0000001111111110000000000000
0000001111111100000000000000
0000000111110000000000000000
0000000000000000000000000000
0000000000000000000000000000
0000000000000000000000000000
