0000000000000000000000000000
0000000000000000000000000000
0000000000000000000000000000
0000000000000000000000000000
0000000000000111110000000000
0000000000011111111000000000
0000000000111101111100000000
0000000011110000011111000000
0000000111100000000111000000
0000000111000000000011100000
0000001111000000000001110000
0000011110000000000001110000
0000111100000000000001110000
0000111000000000000000110000
0000110000000000000000110000
0000110000000000000000110000
0000110000000000000000110000
0000110000000000000000110000
0000111000000000000001110000
0000111100000000000011100000
0000011110000000001111100000
0000001111100000111111000000
0000000111111111111100000000
0000000001111111111000000000
0000000000000000000000000000
0000000000000000000000000000
0000000000000000000000000000
0000000000000000000000000000
