0000000000000000000000000000
0000000000000000000000000000
0000000000000000000000000000
0000000000000000000000000000
0000000000000000000000000000
0000000000000000000000000000
0000000000000011111110000000
0000000000001111111111000000
0000000000111111111111100000
0000000001111111111111111000
0000000111111111110111111000
0000001111111111100011111000
0000011111111110000111111000
0000011111100000000111111000
0000011111100000011111111000
0000011111100000011111111000
0000011110000001111111100000
0000011110000111111111100000
0000011111111111111111100000
0000011111111111111111000000
0000000111111111111100000000
0000000011111111100000000000
0000000000000000000000000000
0000000000000000000000000000
0000000000000000000000000000
0000000000000000000000000000
0000000000000000000000000000
0000000000000000000000000000
