0000000000000000000000000000
0000000000000000000000000000
0000000000000000000000000000
0000000000000000000000000000
0000000000000000111110000000
0000000000000011111111000000
0000000000000111111111100000
0000000000001111111111110000
0000000000001111111111110000
0000000000011111111111110000
0000000000111111011111110000
0000000000111111011101110000
0000000001111111011011110000
0000000111111000011011110000
0000000111110000000011110000
0000001111100000000111110000
0000011111000000011111100000
0000111110000000111111000000
0000111110000011111110000000
0000111100001111111100000000
0000111111111111110000000000
0000111111111110000000000000
0000111111111100000000000000
0000011111110000000000000000
0000000000000000000000000000
0000000000000000000000000000
0000000000000000000000000000
0000000000000000000000000000
