0000000000000000000000000000
0000000000000000000000000000
0000000000000000000000000000
0000000000000000000000000000
0000000000111000000000000000
0000000000111100000000000000
0000000001111111110000000000
0000000011111111111000000000
0000000011100101111100000000
0000000011100000011111000000
0000000111000000001111100000
0000000111000000000111110000
0000000111000000000011110000
0000000111000000000001110000
0000000111000000000001110000
0000000110000000000001110000
0000001110000000000011110000
0000001110000000000111100000
0000001110000000000111100000
0000000111000000011110000000
0000000111000000111100000000
0000000111111111111100000000
0000000011111111110000000000
0000000001111111100000000000
0000000000000000000000000000
0000000000000000000000000000
0000000000000000000000000000
0000000000000000000000000000
