0000000000000000000000000000
0000000000000000000000000000
0000000000000000000000000000
0000000000000000000000000000
0000000000000000000000000000
0000000000001110000000000000
0000000000011110000000000000
0000000000111111111100000000
0000000000111111111111000000
0000000001111111111111000000
0000000011111110000001111000
0000000111111100000001111000
0000000111110000000001111000
0000001111110000000001111000
0000001111100000000001111000
0000001111000000000001111000
0000001111000000000011111000
0000011111000000000011110000
0000011110000000001111100000
0000011110000000011111000000
0000011110000001111111000000
0000011110000011111110000000
0000011110000111111100000000
0000011110001111110000000000
0000001110000110000000000000
0000000000000000000000000000
0000000000000000000000000000
0000000000000000000000000000
