0000000000000000000000000000
0000000000000000000000000000
0000000000000000000000000000
0000000000000000000000000000
0000000000000000000000000000
0000000000000000000000000000
0000000000000000000000000000
0000000000000000011111100000
0000000000000001111111110000
0000000000000011111111110000
0000000000001111111111110000
0000000000011111100001110000
0000000000111111000001110000
0000000011111110000011100000
0000000011111100000111100000
0000001111100000001111000000
0000011111000000111110000000
0000011110000011111100000000
0000111110001111110000000000
0000111111111110000000000000
0000111111111100000000000000
0000111111100000000000000000
0000011110000000000000000000
0000000000000000000000000000
0000000000000000000000000000
0000000000000000000000000000
0000000000000000000000000000
0000000000000000000000000000
