0000000000000000000000000000
0000000000000000000000000000
0000000000000000000000000000
0000000000000000000000000000
0000000000000000000000000000
0000000000111111000000000000
0000000000111111100000000000
0000000001111111110000000000
0000000001111111110000000000
0000000011111101111000000000
0000000011111101111100000000
0000000000011100111100000000
0000000000111100111100000000
0000000000111100111100000000
0000000000111000111100000000
0000000000111100111100000000
0000000000111100111100000000
0000000000111000111100000000
0000000000110001111000000000
0000000000111001111000000000
0000000000111111110000000000
0000000000111111110000000000
0000000000111111100000000000
0000000000111111000000000000
0000000000011100000000000000
0000000000000000000000000000
0000000000000000000000000000
0000000000000000000000000000
