0000000000000000000000000000
0000000000000000000000000000
0000000000000000000000000000
0000000000000000000000000000
0000000000001111111110000000
0000000000111111111111100000
0000000000111111111111100000
0000000011111111111111100000
0000000011111100000011100000
0000000111111100000001110000
0000001110111100000011110000
0000000001111100000011110000
0000000011111000000011100000
0000000011111000000011100000
0000000011111000001111100000
0000000011110000001111100000
0000000011110000011111100000
0000000111100000111111000000
0000000111100001111110000000
0000000111111111111110000000
0000000111111111111100000000
0000000111111111111000000000
0000000111111111110000000000
0000000111111111100000000000
0000000000000000000000000000
0000000000000000000000000000
0000000000000000000000000000
0000000000000000000000000000
