0000000000000000000000000000
0000000000000000000000000000
0000000000000000000000000000
0000000000000000000000000000
0000000000000000000000000000
0000000001110000000000000000
0000000011111111110000000000
0000001111111111111100000000
0000011111111111111110000000
0000011111100000111111000000
0000000111100000001111100000
0000000111000000000111110000
0000001111000000000011110000
0000001111000000000001110000
0000001111000000000001111000
0000001111000000000001111000
0000001111000000000001111000
0000001111000000000001111000
0000000111000000000001110000
0000000111100000000111110000
0000000111110000001111110000
0000000011110000111111100000
0000000001111111111110000000
0000000001111111111100000000
0000000000011111110000000000
0000000000000000000000000000
0000000000000000000000000000
0000000000000000000000000000
