0000000000000000000000000000
0000000000000000000000000000
0000000000000000000000000000
0000000000000000000000000000
0000000000000000000000000000
0000000000000001111000000000
0000000000011111111000000000
0000000000011111111110000000
0000000000011111111111000000
0000000000011111100111000000
0000000000111011000011000000
0000000000111010000011000000
0000000001110000000011000000
0000000011100000000011000000
0000000011100000000111000000
0000000011000000000111000000
0000000011000000001110000000
0000000111000000011110000000
0000000111000000011100000000
0000000110000000111000000000
0000000110000011111000000000
0000000111000111110000000000
0000000011111111000000000000
0000000011111110000000000000
0000000001111000000000000000
0000000000000000000000000000
0000000000000000000000000000
0000000000000000000000000000
