0000000000000000000000000000
0000000000000000000000000000
0000000000000000000000000000
0000000000000000000000000000
0000000000000000000000000000
0000000000001111110000000000
0000000000011111111000000000
0000000000111111111000000000
0000000001111111111100000000
0000000001111111111110000000
0000000011111111111110000000
0000000011111111111110000000
0000000001111110111110000000
0000000000111110011110000000
0000000001111100011110000000
0000000001111000011110000000
0000000001111000011110000000
0000000011111000111110000000
0000000011111000111100000000
0000000011111001111100000000
0000000011111111111000000000
0000000001111111111000000000
0000000001111111110000000000
0000000000111111100000000000
0000000000011111100000000000
0000000000000000000000000000
0000000000000000000000000000
0000000000000000000000000000
