0000000000000000000000000000
0000000000000000000000000000
0000000000000000000000000000
0000000000000000000000000000
0000000000000000111110000000
0000000000000001111111000000
0000000000000111111111000000
0000000000001111111111100000
0000000000001111111111100000
0000000000011111110111100000
0000000000111111100111100000
0000000001111110001111100000
0000000011111110001111000000
0000000011111000001111000000
0000000111111000001111000000
0000000111111000011110000000
0000001111110000111110000000
0000001111100000111110000000
0000001111100111111110000000
0000011111111111111100000000
0000011111111111110000000000
0000011111111111110000000000
0000001111111111100000000000
0000000111111110000000000000
0000000000000000000000000000
0000000000000000000000000000
0000000000000000000000000000
0000000000000000000000000000
