0000000000000000000000000000
0000000000000000000000000000
0000000000000000000000000000
0000000000000000000000000000
0000000000000000000000000000
0000000000001111110000000000
0000000000001111111100000000
0000000000001111111110000000
0000000000011100011111000000
0000000000111000000111000000
0000000000110000000011100000
0000000001110000000001100000
0000000001100000000001100000
0000000011100000000011100000
0000000011000000000011000000
0000000111000000000111000000
0000000110000000001110000000
0000000110000000011110000000
0000000110000000011100000000
0000000110000000111000000000
0000000110000001110000000000
0000000110000011110000000000
0000000111000111100000000000
0000000111101111000000000000
0000000111111110000000000000
0000000000000000000000000000
0000000000000000000000000000
0000000000000000000000000000
