0000000000000000000000000000
0000000000000000000000000000
0000000000000000000000000000
0000000000000000000000000000
0000000000000000000000000000
0000000000000000000000000000
0000000000000001111111000000
0000000000000111111111110000
0000000000001111111111111000
0000000000011111100111111000
0000000000011110000001111000
0000000000011111100000111000
0000000001111111110000111000
0000001111111111110000111000
0000001111111111100000111000
0000001111110110000001111000
0000011111100000000011111000
0000011110000000011111110000
0000011100000001111111100000
0000011110000111111111000000
0000011111111111111100000000
0000011111111111111000000000
0000011111111110000000000000
0000001110000000000000000000
0000000000000000000000000000
0000000000000000000000000000
0000000000000000000000000000
0000000000000000000000000000
