0000000000000000000000000000
0000000000000000000000000000
0000000000000000000000000000
0000000000000000000000000000
0000000000011100000000000000
0000000000111100000000000000
0000000001111111100000000000
0000000001111111110000000000
0000000011110001111000000000
0000000011110000111100000000
0000000011100000011100000000
0000000011100000001110000000
0000000011100000000110000000
0000000011100000000111000000
0000000011100000000111000000
0000000001100000000111000000
0000000001110000000111000000
0000000001110000000111000000
0000000001110000001110000000
0000000001111000001110000000
0000000000111000011110000000
0000000000111100111100000000
0000000000011111111000000000
0000000000001111110000000000
0000000000000000000000000000
0000000000000000000000000000
0000000000000000000000000000
0000000000000000000000000000
