0000000000000000000000000000
0000000000000000000000000000
0000000000000000000000000000
0000000000000000000000000000
0000000000000011111100000000
0000000000000111111110000000
0000000000000111111111000000
0000000000000111111111000000
0000000000001111111111000000
0000000000011111100111000000
0000000000011111000111000000
0000000000111110000111000000
0000000001111110001111000000
0000000011111100011110000000
0000000011111000111110000000
0000000111110000111110000000
0000000111110001111100000000
0000001111100011111000000000
0000001111100111110000000000
0000001111001111100000000000
0000001111111111100000000000
0000001111111111000000000000
0000001111111100000000000000
0000000111111000000000000000
0000000000000000000000000000
0000000000000000000000000000
0000000000000000000000000000
0000000000000000000000000000
