0000000000000000000000000000
0000000000000000000000000000
0000000000000000000000000000
0000000000000000000000000000
0000000000000000000000000000
0000000000000000000000000000
0000000000000010000000000000
0000000001111111100000000000
0000000001111111110000000000
0000000001101111111110000000
0000000000000011111111000000
0000000000000001111111100000
0000000000000000111111100000
0001100000000000001111100000
0001110000000000000111100000
0001110000000000000111100000
0001111000000000000111100000
0001111100000000000111100000
0000011110000000001111100000
0000011110100001111111000000
0000011111111101111110000000
0000000000111111110000000000
0000000000011111110000000000
0000000000000000000000000000
0000000000000000000000000000
0000000000000000000000000000
0000000000000000000000000000
0000000000000000000000000000
