0000000000000000000000000000
0000000000000000000000000000
0000000000000000000000000000
0000000000000000000000000000
0000000000000000001111100000
0000000000000000011111100000
0000000000000001111111000000
0000000000000001111111000000
0000000000000011110111000000
0000000000000111100011000000
0000000000001111000011000000
0000000000011110000011000000
0000000000111100000111000000
0000000000111000000110000000
0000000001110000000110000000
0000000011100000000110000000
0000000011100000001110000000
0000000111100000011100000000
0000000111000000011100000000
0000000111000001111000000000
0000000111000011110000000000
0000000111000111100000000000
0000000111111111000000000000
0000000011111110000000000000
0000000000000000000000000000
0000000000000000000000000000
0000000000000000000000000000
0000000000000000000000000000
