0000000000000000000000000000
0000000000000000000000000000
0000000000000000000000000000
0000000000000000000000000000
0000000000000000000000000000
0000000000000001111100000000
0000000000000011111100000000
0000000000000111111110000000
0000000000001111111110000000
0000000000011111000111000000
0000000000111110000111000000
0000000000111100000111000000
0000000001111000000111000000
0000000001110000000011000000
0000000011100000000111000000
0000000011100000000111000000
0000000011100000001110000000
0000000011000000001110000000
0000000011000000011100000000
0000000011000000111000000000
0000000011000001110000000000
0000000011000011100000000000
0000000011100111100000000000
0000000011111111000000000000
0000000001111110000000000000
0000000000000000000000000000
0000000000000000000000000000
0000000000000000000000000000
