0000000000000000000000000000
0000000000000000000000000000
0000000000000000000000000000
0000000000000000000000000000
0000000000000000000000000000
0000000001111111111000000000
0000000111111111111110000000
0000000111111111111111000000
0000001111111111111111100000
0000011111111111111111110000
0000111111111111111111110000
0000111111011111001111110000
0000111110000111000111110000
0000111110000000000011110000
0000111110000000000001110000
0000111100000000000001110000
0000111100000000000011110000
0000111110000000000111110000
0000111111000000001111110000
0000111111110001111111100000
0000111111111111111111000000
0000001111111111111111000000
0000000111111111111100000000
0000000011111111110000000000
0000000000001000000000000000
0000000000000000000000000000
0000000000000000000000000000
0000000000000000000000000000
