0000000000000000000000000000
0000000000000000000000000000
0000000000000000000000000000
0000000000000000000000000000
0000000000000000000000000000
0000000000000000000000000000
0000000000000000000000000000
0000000001111110000000000000
0000000001111111110000000000
0000000011111111111111000000
0000000111111111111111100000
0000000111111001111111110000
0000000111110000011111111000
0000011111100000000111111000
0000011111100000000111111000
0000011111000000011111111000
0000011111000000011111110000
0000011111101111111111100000
0000011111111111111111000000
0000011111111111111110000000
0000000111111111111000000000
0000000000111000000000000000
0000000000000000000000000000
0000000000000000000000000000
0000000000000000000000000000
0000000000000000000000000000
0000000000000000000000000000
0000000000000000000000000000
