0000000000000000000000000000
0000000000000000000000000000
0000000000000000000000000000
0000000000000000000000000000
0000000000000011111110000000
0000000000001111111111000000
0000000000011111111111100000
0000000000011111111111100000
0000000001111111111111100000
0000000001111100000111100000
0000000111111100000111100000
0000000111110000000111100000
0000000111110000000111100000
0000000111110000001111100000
0000000111110000001111100000
0000000111100000001111000000
0000000111100000011111000000
0000000111100000011111000000
0000000111110000111110000000
0000000111111111111110000000
0000000111111111111100000000
0000000111111111111100000000
0000000001111111111000000000
0000000000011111110000000000
0000000000000000000000000000
0000000000000000000000000000
0000000000000000000000000000
0000000000000000000000000000
