0000000000000000000000000000
0000000000000000000000000000
0000000000000000000000000000
0000000000000000000000000000
0000000000000000000000000000
0000000000000111111000000000
0000000000001111111110000000
0000000000011111111110000000
0000000000111111101111000000
0000000000111110100111000000
0000000001110000000011000000
0000000001100000000011100000
0000000011100000000011100000
0000000011000000000011100000
0000000111000000000011000000
0000000111000000000011000000
0000000110000000000011000000
0000000110000000000111000000
0000000110000000000111000000
0000000111000000001110000000
0000000111000000001110000000
0000000011110000011100000000
0000000011111100111100000000
0000000000111111111000000000
0000000000011111110000000000
0000000000000000000000000000
0000000000000000000000000000
0000000000000000000000000000
