0000000000000000000000000000
0000000000000000000000000000
0000000000000000000000000000
0000000000000000000000000000
0000000000000000000000000000
0000000000000000000000111000
0000000000000000000111111000
0000000000000000011111111000
0000000000000000111111111000
0000000000000011111111111000
0000000000000111111111110000
0000000000001111111011100000
0000000000111111100111100000
0000000001111110001111000000
0000000011111100011111000000
0000000111111000111111000000
0000001111100011111110000000
0000011111101111111100000000
0000011111111111111000000000
0000011111111111110000000000
0000011111111110000000000000
0000001111111100000000000000
0000001111010000000000000000
0000000000000000000000000000
0000000000000000000000000000
0000000000000000000000000000
0000000000000000000000000000
0000000000000000000000000000
