0000000000000000000000000000
0000000000000000000000000000
0000000000000000000000000000
0000000000000000100000000000
0000000000000000110000000000
0000000000000000110000000000
0000000000001111111000000000
0000000000011111111100000000
0000000000111110001110000000
0000000000111100001110000000
0000000000111000000110000000
0000000001111000000110000000
0000000001110000000110000000
0000000011110000000111000000
0000000011110000000111000000
0000000011100000001110000000
0000000011100000011110000000
0000000011100000111110000000
0000000011100011111100000000
0000000011110111111000000000
0000000001111111110000000000
0000000000111111000000000000
0000000000011110000000000000
0000000000000000000000000000
0000000000000000000000000000
0000000000000000000000000000
0000000000000000000000000000
0000000000000000000000000000
