0000000000000000000000000000
0000000000000000000000000000
0000000000000000000000000000
0000000000000000000000000000
0000000000000000000000000000
0000000000000011111000000000
0000000000000111111000000000
0000000000001111011000000000
0000000000001110111100000000
0000000000011100011100000000
0000000000011000011100000000
0000000000111000001100000000
0000000000110000011100000000
0000000001110000011000000000
0000000001100000011000000000
0000000001100000111000000000
0000000011100000110000000000
0000000011000001110000000000
0000000011000001100000000000
0000000011000011100000000000
0000000011000011100000000000
0000000011000111000000000000
0000000011101110000000000000
0000000011111100000000000000
0000000001111000000000000000
0000000000000000000000000000
0000000000000000000000000000
0000000000000000000000000000
