0000000000000000000000000000
0000000000000000000000000000
0000000000000000000000000000
0000000000000000000000000000
0000000000000111111000000000
0000000000001111111100000000
0000000000011111111110000000
0000000000111111111111000000
0000000000111111111111000000
0000000011111101111111100000
0000000011111100111111100000
0000000111110000111111110000
0000001111110000011111110000
0000001111110000011111110000
0000001111110000001111110000
0000001111100000011111110000
0000001111100000011111100000
0000001111100001111111000000
0000001111100111111111000000
0000001111111111111100000000
0000001111111111111100000000
0000001111111111111000000000
0000001111111111100000000000
0000000111111110000000000000
0000000000000000000000000000
0000000000000000000000000000
0000000000000000000000000000
0000000000000000000000000000
