0000000000000000000000000000
0000000000000000000000000000
0000000000000000000000000000
0000000000000000000000000000
0000000000000111111111000000
0000000000001111111111100000
0000000000011111111111100000
0000000001111111111111110000
0000000001111111111101110000
0000000011111110011110110000
0000000011111100001111000000
0000000111111000001111000000
0000000111110000001111100000
0000001111110000000111100000
0000001111110000000111100000
0000001111100000000111100000
0000011111000000001111100000
0000011111000000011111100000
0000011111000000111111100000
0000001111000001111111100000
0000001111111111111111000000
0000000111111111111110000000
0000000011111111111100000000
0000000001111111110000000000
0000000000000000000000000000
0000000000000000000000000000
0000000000000000000000000000
0000000000000000000000000000
