0000000000000000000000000000
0000000000000000000000000000
0000000000000000000000000000
0000000000000000000000000000
0000000000000001110000000000
0000000000000011110000000000
0000000000001111110000000000
0000000000011111011111000000
0000000001111101111111000000
0000000011111101111111100000
0000000111111001111111110000
0000000111110001111001110000
0000001111100000000001110000
0000001111000000000001110000
0000011110000000000001110000
0000111110000000000001110000
0000111100000000000011100000
0000111100000000000111100000
0000111100000000011111000000
0000111110111111111110000000
0000111111111111111100000000
0000111111111111100000000000
0000001111110000000000000000
0000000000000000000000000000
0000000000000000000000000000
0000000000000000000000000000
0000000000000000000000000000
0000000000000000000000000000
