0000000000000000000000000000
0000000000000000000000000000
0000000000000000000000000000
0000000000000111000000000000
0000000000001110000000000000
0000000000111110000000000000
0000000001111011110000000000
0000000001110011111100000000
0000000011100000011100000000
0000000011100000001110000000
0000000111000000001111000000
0000000111000000000111000000
0000000111000000000111000000
0000000111000000000011000000
0000000111000000000011000000
0000000111000000000011000000
0000000111000000000111000000
0000000111000000000111000000
0000000111100000001110000000
0000000011110000011110000000
0000000011111001111100000000
0000000001111111111000000000
0000000000011111110000000000
0000000000000000000000000000
0000000000000000000000000000
0000000000000000000000000000
0000000000000000000000000000
0000000000000000000000000000
