0000000000000000000000000000
0000000000000000000000000000
0000000000000000000000000000
0000000000000000000000000000
0000000000000111111100000000
0000000000001111111110000000
0000000000001111111110000000
0000000000011111111111000000
0000000000011111101111000000
0000000000011111101111000000
0000000000111111101111000000
0000000001111111100111100000
0000000001111111000111100000
0000000011111100000111100000
0000001111111000000111100000
0000011111110000001111000000
0000001111100000011111000000
0000000111100000111111000000
0000000111000001111110000000
0000000111000111111100000000
0000000111111111111100000000
0000000111111111110000000000
0000000111111111100000000000
0000000011111110000000000000
0000000000000000000000000000
0000000000000000000000000000
0000000000000000000000000000
0000000000000000000000000000
