0000000000000000000000000000
0000000000000000000000000000
0000000000000000000000000000
0000000000000000000000000000
0000000000000000000000000000
0000000000000000000000000000
0000000000000000110011100000
0000000110000001111011110000
0000001110000001111111110000
0000001110000001111111111000
0000011110000000001100111000
0000011100000000000000011000
0000011000000000000000011000
0000011000000000000000011000
0000011000000000000001111000
0000011100000000000111110000
0000011111110000011111110000
0000011111111111111111000000
0000001111111111111100000000
0000001111111111100000000000
0000000001011111000000000000
0000000000001100000000000000
0000000000000000000000000000
0000000000000000000000000000
0000000000000000000000000000
0000000000000000000000000000
0000000000000000000000000000
0000000000000000000000000000
