0000000000000000000000000000
0000000000000000000000000000
0000000000000000000000000000
0000000000000011111000000000
0000000000000011111100000000
0000000000000011111100000000
0000000000000111111110000000
0000000000001111111110000000
0000000000011111111110000000
0000000000111111011111000000
0000000001111110001111000000
0000000001111100001111000000
0000000011111100001111000000
0000000111111000001111000000
0000000111110000001111000000
0000001111110000001111000000
0000001111100000011111000000
0000011111000000111110000000
0000011111100011111110000000
0000011111111111111100000000
0000001111111111111000000000
0000000111111111110000000000
0000000111111111100000000000
0000000000000000000000000000
0000000000000000000000000000
0000000000000000000000000000
0000000000000000000000000000
0000000000000000000000000000
