0000000000000000000000000000
0000000000000000000000000000
0000000000000000000000000000
0000000000011111111100000000
0000000000011111111110000000
0000000000111111111110000000
0000000001111111001111000000
0000000011111110000111100000
0000000011111110000111100000
0000000011111100000011110000
0000000111111000000011110000
0000001111111000000011110000
0000001111110000000001111000
0000001111110000000001111000
0000001111100000000000111000
0000001111100000000000111000
0000001111000000000001111000
0000001111110000000111111000
0000001111111110011111111000
0000001111111111111111110000
0000001111111111111111110000
0000000011111111111111100000
0000000001111111111110000000
0000000000000000000000000000
0000000000000000000000000000
0000000000000000000000000000
0000000000000000000000000000
0000000000000000000000000000
