0000000000000000000000000000
0000000000000000000000000000
0000000000000000000000000000
0000000000000000000000000000
0000000000000000000000000000
0000000000000000000011100000
0000000000000000011111110000
0000000000000001111111110000
0000000000000011111111110000
0000000000001111111101110000
0000000000011111110001110000
0000000000111111110011110000
0000000001111100000111100000
0000000011111000000111100000
0000001111110000001111000000
0000001111100000011111000000
0000011111000000111110000000
0000111110000001111100000000
0000111100000111111000000000
0000111000001111110000000000
0000111111111111100000000000
0000111111111110000000000000
0000111111111000000000000000
0000011111000000000000000000
0000000000000000000000000000
0000000000000000000000000000
0000000000000000000000000000
0000000000000000000000000000
