0000000000000000000000000000
0000000000000000000000000000
0000000000000000000000000000
0000000000000000000000000000
0000000000000000000000000000
0000000000000000000000000000
0000000000000000000000000000
0000000011111111111100000000
0000001111111111111111000000
0000001111111111111111100000
0000011111111111111111110000
0000011111111011111111111000
0000011111100000000111111000
0000011111000000000111111000
0000011110000000000111111000
0000011110000000001111111000
0000011111000000011111111000
0000011111100000111111110000
0000001111110011111111100000
0000001111111111111111000000
0000001111111111111110000000
0000000111111111111100000000
0000000001111111000000000000
0000000001111111000000000000
0000000000011000000000000000
0000000000000000000000000000
0000000000000000000000000000
0000000000000000000000000000
