0000000000000000000000000000
0000000000000000000000000000
0000000000000000000000000000
0000000000000000000000000000
0000000000000000000000000000
0000000000001111000000000000
0000000000111111111111100000
0000000001111111111111110000
0000000011111111111111110000
0000000111111111111111111000
0000000111100111100000011000
0000001111000110000000011000
0000001110000100000000001000
0000011110000100000000001000
0000011100000000000000011000
0000011000000000000000011000
0000011000000000000000011000
0000011000000000000000111000
0000010000000000000001111000
0000010000000000000111110000
0000011000000000011111100000
0000011111011111111111100000
0000001111111111111110000000
0000000111111111110000000000
0000000001111110000000000000
0000000000000000000000000000
0000000000000000000000000000
0000000000000000000000000000
