0000000000000000000000000000
0000000000000000000000000000
0000000000000000000000000000
0000000000011011110000000000
0000000001111011110000000000
0000000001111001111000000000
0000000011110000111110000000
0000000011100000011111000000
0000000011100000001111000000
0000000111100000001111000000
0000001111000000001111000000
0000001111000000000111100000
0000001111000000000111110000
0000001111000000000011110000
0000001110000000000011110000
0000001110000000000001110000
0000001110000000000001110000
0000001110000000000001110000
0000001111100000000011110000
0000001111110000000111110000
0000001111111111011111000000
0000000111111111111111000000
0000000011111111111100000000
0000000000000000000000000000
0000000000000000000000000000
0000000000000000000000000000
0000000000000000000000000000
0000000000000000000000000000
