0000000000000000000000000000
0000000000000000000000000000
0000000000000000000000000000
0000000000000000000000000000
0000000000000001111000000000
0000000000000110111111000000
0000000000011111111111100000
0000000000111111111111100000
0000000000111111111111100000
0000000001111111111111100000
0000000011111111110111110000
0000000111111111000111110000
0000000111111110000111110000
0000000111111100000111110000
0000000111101100000111110000
0000001111100000001111100000
0000001111100000001111100000
0000001111100000011111000000
0000001111100000111111000000
0000000111100011111110000000
0000000111111111111100000000
0000000111111111111000000000
0000000111111111110000000000
0000000001111111000000000000
0000000000000000000000000000
0000000000000000000000000000
0000000000000000000000000000
0000000000000000000000000000
