0000000000000000000000000000
0000000000000000000000000000
0000000000000000000000000000
0000000000001111111100000000
0000000000011111111100000000
0000000000111111011110000000
0000000001111100001111000000
0000000011111000000111000000
0000000011110000000111100000
0000000111100000000011100000
0000001111000000000011100000
0000001111000000000011110000
0000011110000000000001110000
0000011110000000000001111000
0000011100000000000011111000
0000011100000000000111111000
0000011100000000001111110000
0000011100000001111111100000
0000011111100111111111100000
0000001111111111111111000000
0000000111111111111110000000
0000000011111111111100000000
0000000000001111110000000000
0000000000000000000000000000
0000000000000000000000000000
0000000000000000000000000000
0000000000000000000000000000
0000000000000000000000000000
