0000000000000000000000000000
0000000000000000000000000000
0000000000000000000000000000
0000000000000000000000000000
0000000000000000000000000000
0000000000000011111000000000
0000000000001111111110000000
0000000000111111111111100000
0000000001111111101111110000
0000000011111110000011110000
0000000111111110000001111000
0000001111111100000001111000
0000000111111100000001111000
0000000111111000000001111000
0000000111111000000001110000
0000000011110000000011110000
0000000111110000000111110000
0000000111100000001111100000
0000001111000000011111010000
0000001111000000111110010000
0000011110000011111110000000
0000011100000111111000000000
0000011101111111110000000000
0000011111111111000000000000
0000011111111100000000000000
0000000000000000000000000000
0000000000000000000000000000
0000000000000000000000000000
