0000000000000000000000000000
0000000000000000000000000000
0000000000000000000000000000
0000000000000000000000000000
0000000000000000000000000000
0000000000001111111100000000
0000000000011111111100000000
0000000001111111111100000000
0000000001111111111100000000
0000000111111111111111000000
0000000111111111111111000000
0000001111111111111111110000
0000001111110000000111110000
0000001111100000000111110000
0000001111100000000001110000
0000001111100000000001111000
0000001111100000000001111000
0000001111100000000001111100
0000001111110000000001111100
0000000111110000000001111100
0000000111111000000001111100
0000000111111110000111110000
0000000011111111111111110000
0000000001111111111111000000
0000000000011111111100000000
0000000000000000000000000000
0000000000000000000000000000
0000000000000000000000000000
