0000000000000000000000000000
0000000000000000000000000000
0000000000000000000000000000
0000000000000000000000000000
0000000000000000000000000000
0000000000000011111100000000
0000000000000111111110000000
0000000000001111111111000000
0000000000011111111111100000
0000000000011111110111100000
0000000000111011100011100000
0000000000111011000011100000
0000000001110000000011100000
0000000001110000000111000000
0000000011100000000111000000
0000000011000000000110000000
0000000011000000001110000000
0000000011000000011100000000
0000000111000000011100000000
0000000111000000111000000000
0000000111000001110000000000
0000000011100011110000000000
0000000011111111100000000000
0000000011111111000000000000
0000000001111110000000000000
0000000000000000000000000000
0000000000000000000000000000
0000000000000000000000000000
