0000000000000000000000000000
0000000000000000000000000000
0000000000000000000000000000
0000000000000000000000000000
0000000000000000000000000000
0000000000000011111111000000
0000000000011111111111100000
0000000000111111111111111000
0000000001111111110011111000
0000000011111110100011111100
0000000011111110000001111100
0000000011111110000001111100
0000000111111110000001111100
0000000111111000000001111000
0000001111110000000011111000
0000001111111000000011110000
0000001111111110000111110000
0000001111111100000111110000
0000001111100000011111000000
0000001111100000011111000000
0000001111100001111110000000
0000001111100111111100000000
0000001111111111110000000000
0000000111111111100000000000
0000000111111110000000000000
0000000000000000000000000000
0000000000000000000000000000
0000000000000000000000000000
