0000000000000000000000000000
0000000000000000000000000000
0000000000000000000000000000
0000000000000000000000000000
0000000000000000001110000000
0000000000000111111110000000
0000000000001111111111100000
0000000000011111001111110000
0000000000111111000111110000
0000000001111100000011110000
0000000011111000000011110000
0000000111110000000111110000
0000000111100000000111110000
0000011111100000000111110000
0000011111000000001111100000
0000011111000000011111100000
0000111110000000111111000000
0000111100000001111110000000
0000111110000011111100000000
0000111100001111111000000000
0000111111111111100000000000
0000011111111111000000000000
0000011111111100000000000000
0000000111110000000000000000
0000000000000000000000000000
0000000000000000000000000000
0000000000000000000000000000
0000000000000000000000000000
