0000000000000000000000000000
0000000000000000000000000000
0000000000000000000000000000
0000000000000000000000000000
0000000000000000000000000000
0000000000000000001110010000
0000000000000000111110111000
0000000000000011111111111000
0000000000000111111101111000
0000000000011111110000111000
0000000000111111000000011000
0000000001111100000000111000
0000000111111000000000111000
0000001111100000000001111000
0000001111000000000011110000
0000011110000000000111110000
0000011100000000111111100000
0000011100000001111111000000
0000011111111111111110000000
0000011111111111111000000000
0000011111111111100000000000
0000001111111100000000000000
0000000000000000000000000000
0000000000000000000000000000
0000000000000000000000000000
0000000000000000000000000000
0000000000000000000000000000
0000000000000000000000000000
