0000000000000000000000000000
0000000000000000000000000000
0000000000000000000000000000
0000000000000000000000000000
0000000000111111000000000000
0000000000111111100000000000
0000000001110011111000000000
0000000001110000111100000000
0000000011100000011111000000
0000000011100000001111100000
0000000011100000000011110000
0000000011100000000001111000
0000000111000000000000011000
0000000111000000000000001000
0000000111000000000000000000
0000000111000000000000000000
0000000111000000000000000000
0000000111000000000000000000
0000000011100000000000000000
0000000011110000000000000000
0000000001111000000000000000
0000000001111110000000011000
0000000000011111111111111000
0000000000000111111111110000
0000000000000000000000000000
0000000000000000000000000000
0000000000000000000000000000
0000000000000000000000000000
