0000000000000000000000000000
0000000000000000000000000000
0000000000000000000000000000
0000000000000000000000000000
0000000000001111111100000000
0000000000011111111110000000
0000000000111111111110000000
0000000000111100001110000000
0000000001111100000111000000
0000000001111000000111000000
0000000011110000000111000000
0000000011110000000111000000
0000000011110000000111100000
0000000011100000000111100000
0000000111100000000111100000
0000000111100000000111100000
0000000111100000000111000000
0000000111100000000111000000
0000000011100000001110000000
0000000011110000011110000000
0000000011110000111110000000
0000000011111111111100000000
0000000001111111111000000000
0000000000111111110000000000
0000000000000000000000000000
0000000000000000000000000000
0000000000000000000000000000
0000000000000000000000000000
