0000000000000000000000000000
0000000000000000000000000000
0000000000000000000000000000
0000000000000000000000000000
0000000000000000000000000000
0000000000111111111000000000
0000000000111111111100000000
0000000001111111111110000000
0000000011111111111111000000
0000000011111111111111100000
0000000011110000001111100000
0000000111100000000111100000
0000000111100000000111100000
0000000111100000000111100000
0000000111000000000111100000
0000000111000000000111100000
0000000111000000000111100000
0000000111000000001111100000
0000000111000000001111000000
0000000111100000011110000000
0000000111110011111110000000
0000000111111111111100000000
0000000011111111111000000000
0000000011111111110000000000
0000000000111111000000000000
0000000000000000000000000000
0000000000000000000000000000
0000000000000000000000000000
