0000000000000000000000000000
0000000000000000000000000000
0000000000000000000000000000
0000000000000000000000000000
0000000000000000111110000000
0000000000000111111111000000
0000000000001111111111000000
0000000000111111111111000000
0000000001111111000111000000
0000000011111100000111000000
0000000011110000000111000000
0000000111100000000111100000
0000000111100000000111100000
0000001111100000000111000000
0000001111000000000111000000
0000001110000000000111000000
0000001110000000001111000000
0000011110000000111111000000
0000011110000001111110000000
0000001110000011111100000000
0000001111111111111000000000
0000000111111111110000000000
0000000111111111000000000000
0000000011111100000000000000
0000000000000000000000000000
0000000000000000000000000000
0000000000000000000000000000
0000000000000000000000000000
