0000000000000000000000000000
0000000000000000000000000000
0000000000000000000000000000
0000000000000000000000000000
0000000000011101010000000000
0000000000111111111000000000
0000000000111111111110000000
0000000001111111111111000000
0000000001110111111111000000
0000000011100000011111100000
0000000111000000001111100000
0000001110000000001111100000
0000001110000000000111100000
0000001110000000000011100000
0000011100000000000011100000
0000011100000000000011100000
0000011100000000000011100000
0000011100000000000111100000
0000011110000000001111100000
0000011111110011111111000000
0000011111111111111100000000
0000011111111111111000000000
0000001111111111100000000000
0000000011111110000000000000
0000000000000000000000000000
0000000000000000000000000000
0000000000000000000000000000
0000000000000000000000000000
