0000000000000000000000000000
0000000000000000000000000000
0000000000000000000000000000
0000000000000000000000000000
0000000000000000000000000000
0000000000000000000000000000
0000000000011000000000000000
0000000011111111111111000000
0000000011001111111111100000
0000001111011111000011110000
0000001111111100000011111000
0000001101111000000001110000
0000011110110000000000111000
0000011100000000000001111000
0000011100000000000001110000
0000011100000000000001110000
0000011100000000000011110000
0000011100000000000111100000
0000011110000000000111000000
0000011110000000011110000000
0000001111000000111100000000
0000001111111011111000000000
0000000111111111100000000000
0000000000111110000000000000
0000000000000000000000000000
0000000000000000000000000000
0000000000000000000000000000
0000000000000000000000000000
