0000000000000000000000000000
0000000000000000000000000000
0000000000000000000000000000
0000000000000000000000000000
0000000000000000000000000000
0000000000011111110000000000
0000000000111111111000000000
0000000001111111111000000000
0000000011110111111110000000
0000000011110001111110000000
0000000011100001111100000000
0000000011100000111110000000
0000000011100000011110000000
0000000011100000001110000000
0000000011100000001111000000
0000000111100000000111000000
0000000111100000000111000000
0000000111100000000111000000
0000000011100000000111000000
0000000011100000001111000000
0000000011110000001110000000
0000000011110000111110000000
0000000001111111111100000000
0000000000111111111000000000
0000000000011111100000000000
0000000000000000000000000000
0000000000000000000000000000
0000000000000000000000000000
