0000000000000000000000000000
0000000000000000000000000000
0000000000000000000000000000
0000000000000000000000000000
0000000000000000000000000000
0000000000000000000000000000
0000000000000000110000000000
0000000000001111111100000000
0000000000111111111110000000
0000000011111111111111000000
0000000111111111111111100000
0000001111111111100111110000
0000011111001110000111110000
0000111110001110000011110000
0000111100001110000001110000
0000111100000110000001110000
0000111000000000000001110000
0000111000000000000001110000
0000111100000000000011110000
0000111110000000001111100000
0000111111110001111111000000
0000011111111111111110000000
0000000111111111111000000000
0000000000000100000000000000
0000000000000000000000000000
0000000000000000000000000000
0000000000000000000000000000
0000000000000000000000000000
