0000000000000000000000000000
0000000000000000000000000000
0000000000000000000000000000
0000000000000000000000000000
0000000000000011110000000000
0000000000000011111000000000
0000000000000111111100000000
0000000000001111111110000000
0000000000011111011110000000
0000000000111100001111000000
0000000001111100011111000000
0000000001111000111011100000
0000000011110000110011100000
0000000111100001100011100000
0000001111000000000011100000
0000001110000000000011000000
0000011110000000000111000000
0000011110000000000111000000
0000011100000000001111000000
0000011100000000111110000000
0000011110000001111000000000
0000011111011111111000000000
0000011111111111110000000000
0000001111111111000000000000
0000000000000000000000000000
0000000000000000000000000000
0000000000000000000000000000
0000000000000000000000000000
