0000000000000000000000000000
0000000000000000000000000000
0000000000000000000000000000
0000000000000000000000000000
0000000000000000000000000000
0000000000000011111000000000
0000000000001111111000000000
0000000000011111111100000000
0000000000011111111100000000
0000000000111101111100000000
0000000000111100011100000000
0000000001111000011100000000
0000000001110000011100000000
0000000011110000011100000000
0000000011110000011100000000
0000000011100000011100000000
0000000011100000011100000000
0000000011100000011100000000
0000000011100000011100000000
0000000011100000011100000000
0000000011110000111100000000
0000000011111000111000000000
0000000001111111111000000000
0000000000111111110000000000
0000000000111111100000000000
0000000000000000000000000000
0000000000000000000000000000
0000000000000000000000000000
