0000000000000000000000000000
0000000000000000000000000000
0000000000000000000000000000
0000000000000000000000000000
0000000000000000000000000000
0000000000000000000000000000
0000000000000000000000000000
0000000000000000111110000000
0000000000000001111111111000
0000000000000111111111111000
0000000000001111111111111000
0000000000111110001100111000
0000000011111100000000111000
0000000011111000000001111000
0000001111100000000011111000
0000001111000000001111101000
0000011110000000111111000000
0000011100000111111110000000
0000011111111111111000000000
0000011111111111000000000000
0000001111000000000000000000
0000000000000000000000000000
0000000000000000000000000000
0000000000000000000000000000
0000000000000000000000000000
0000000000000000000000000000
0000000000000000000000000000
0000000000000000000000000000
