0000000000000000000000000000
0000000000000000000000000000
0000000000000000000000000000
0000000000000000000000000000
0000000000001101111000000000
0000000000011111111100000000
0000000000011111111100000000
0000000000111101111110000000
0000000000111100011110000000
0000000001111000011110000000
0000000001111000001111000000
0000000001111000001111000000
0000000001110000011111000000
0000000011110000011110000000
0000000011110000011110000000
0000000011110000111100000000
0000000011100000111100000000
0000000011100001111000000000
0000000011100011111000000000
0000000011100111110000000000
0000000011111111110000000000
0000000011111111100000000000
0000000001111111000000000000
0000000001111100000000000000
0000000000000000000000000000
0000000000000000000000000000
0000000000000000000000000000
0000000000000000000000000000
