0000000000000000000000000000
0000000000000000000000000000
0000000000000000000000000000
0000000000000000000000000000
0000000000000000000000000000
0000000000000000000000000000
0000000000000001111100000000
0000000000000111111111000000
0000000000000111111111110000
0000000001111100000011110000
0000000111111100000001111000
0000001111111000000000111000
0000011110000000000000011000
0000011100000000000000111000
0000011100000000000011111000
0000011100000000000011111000
0000011100000000001111110000
0000011110000000011111000000
0000001111100011111110000000
0000000111111111111000000000
0000000011111111100000000000
0000000000111110000000000000
0000000000000000000000000000
0000000000000000000000000000
0000000000000000000000000000
0000000000000000000000000000
0000000000000000000000000000
0000000000000000000000000000
