0000000000000000000000000000
0000000000000000000000000000
0000000000000000000000000000
0000000000000000000000000000
0000000000000111100000000000
0000000000011111110000000000
0000000000011111111000000000
0000000000111110011100000000
0000000000111100011100000000
0000000000111000011100000000
0000000001111000011100000000
0000000001110000111100000000
0000000001110000111110000000
0000000001110011111110000000
0000000001110011111110000000
0000000001100001100111000000
0000000001100000001111000000
0000000001100000001110000000
0000000001110000011110000000
0000000001110000111100000000
0000000001110011111100000000
0000000000111111111000000000
0000000000111111110000000000
0000000000011111100000000000
0000000000000000000000000000
0000000000000000000000000000
0000000000000000000000000000
0000000000000000000000000000
