0000000000000000000000000000
0000000000000000000000000000
0000000000000000000000000000
0000000000000000000000000000
0000000000000000110111000000
0000000000000000111111100000
0000000000000001111111100000
0000000000000011111111100000
0000000000000111111011100000
0000000000001111110011100000
0000000000001111110011100000
0000000000111111100111100000
0000000000111111100111100000
0000000001111110001111000000
0000000011111000011111000000
0000000111110000111110000000
0000000111110000111110000000
0000001111100001111100000000
0000001110000111111000000000
0000011110011111110000000000
0000011101111111100000000000
0000011111111111000000000000
0000011111111100000000000000
0000001111110000000000000000
0000000000000000000000000000
0000000000000000000000000000
0000000000000000000000000000
0000000000000000000000000000
