0000000000000000000000000000
0000000000000000000000000000
0000000000000000000000000000
0000000000000000000000000000
0000000001111100000000000000
0000000011111100000000000000
0000000111110000000000000000
0000000111100111100000000000
0000001111101111111100000000
0000011111001111111111000000
0000011111000011111111100000
0000011110000001111111110000
0000011100000000001111110000
0000011100000000000011111000
0000011100000000000001111000
0000011110000000000001111000
0000011110000000000001111000
0000011111000000000011111000
0000011111000000001111111000
0000011111111111111111110000
0000001111111111111111100000
0000000111111111111111000000
0000000001111111111100000000
0000000000001111000000000000
0000000000000000000000000000
0000000000000000000000000000
0000000000000000000000000000
0000000000000000000000000000
