0000000000000000000000000000
0000000000000000000000000000
0000000000000000000000000000
0000000000000000000000000000
0000000000000000001111000000
0000000000000000011111100000
0000000000000001111111000000
0000000000000111111111100000
0000000000000111111111100000
0000000000001111100111100000
0000000000011111000111100000
0000000000111110000111100000
0000000001111100001111100000
0000000011111000001111000000
0000000111110000011111000000
0000000111100000111110000000
0000001111000001111100000000
0000001111000011111000000000
0000011110001111110000000000
0000011110011111100000000000
0000011101111111000000000000
0000011111111100000000000000
0000011111111000000000000000
0000011111100000000000000000
0000000000000000000000000000
0000000000000000000000000000
0000000000000000000000000000
0000000000000000000000000000
