0000000000000000000000000000
0000000000000000000000000000
0000000000000000000000000000
0000000000000000000000000000
0000000000000111100000000000
0000000000001111110000000000
0000000000111111111000000000
0000000000111101111100000000
0000000001111000011110000000
0000000011110000001111000000
0000000111100000001111100000
0000001111000000000011110000
0000001111000000000011110000
0000011110000000000001111000
0000011100000000000001111000
0000011100000000000000111000
0000011100000000000000111000
0000011100000000000001111000
0000011100000000000011111000
0000011110000000000111110000
0000001111000000001111100000
0000001111111111111111000000
0000000111111111111110000000
0000000001111111110000000000
0000000000000000000000000000
0000000000000000000000000000
0000000000000000000000000000
0000000000000000000000000000
