0000000000000000000000000000
0000000000000000000000000000
0000000000000000000000000000
0000000000000000000000000000
0000000000000000000000000000
0000000000000000000000000000
0000000000001111111000000000
0000000000111111111110000000
0000000011111111111111000000
0000000111111111111111100000
0000011111110111111111110000
0000011111100111000001110000
0000111110001110000000110000
0000111100001110000000110000
0000111000001110000000110000
0000110000000110000000110000
0000110000000111000001110000
0000110000000111000011110000
0000111000000011100111100000
0000111100000000011111100000
0000011111111011111111000000
0000001111111111111110000000
0000000111111111111000000000
0000000000111110000000000000
0000000000000000000000000000
0000000000000000000000000000
0000000000000000000000000000
0000000000000000000000000000
