0000000000000000000000000000
0000000000000000000000000000
0000000000000000000000000000
0000000000000000000000000000
0000000000000111111110000000
0000000000011111111111000000
0000000000011111111111000000
0000000000111111001111100000
0000000000111110000111100000
0000000000011110000111100000
0000000000000100000111100000
0000000000011110000111100000
0000000000111100000111000000
0000000001111000001111000000
0000000011111000011110000000
0000000011110000111110000000
0000000011100000111110000000
0000000111100001111100000000
0000000111100001111100000000
0000000111100111111000000000
0000000111101111110000000000
0000000111111111100000000000
0000000011111111000000000000
0000000011111100000000000000
0000000000000000000000000000
0000000000000000000000000000
0000000000000000000000000000
0000000000000000000000000000
