0000000000000000000000000000
0000000000000000000000000000
0000000000000000000000000000
0000000000000000000000000000
0000000000000001110000000000
0000000000000011111100000000
0000000000000011111100000000
0000000000000111111100000000
0000000000001111111100000000
0000000000011111111100000000
0000000000111111111100000000
0000000000111111111100000000
0000000011111111111100000000
0000000011111111111100000000
0000001111111111111100000000
0000001111111110111100000000
0000011011111101111100000000
0000011011111011111100000000
0000000011111011111100000000
0000000011111111111000000000
0000000111111111110000000000
0000000111111111110000000000
0000000111111111100000000000
0000000011111111000000000000
0000000000000000000000000000
0000000000000000000000000000
0000000000000000000000000000
0000000000000000000000000000
