0000000000000000000000000000
0000000000000000000000000000
0000000000000000000000000000
0000000000000000000000000000
0000000000001111100000000000
0000000000011111110000000000
0000000000111111111000000000
0000000001111101111100000000
0000000001111100111110000000
0000000001110000001111000000
0000000011100000000111000000
0000000011100000000011100000
0000000011100000000011110000
0000000011100000000001110000
0000000011000000000001110000
0000000011000000000001110000
0000000011000000000011100000
0000000011000000000111100000
0000000011000000000111000000
0000000011100000001111000000
0000000011110000011110000000
0000000011111111111100000000
0000000001111111111000000000
0000000000111111110000000000
0000000000000000000000000000
0000000000000000000000000000
0000000000000000000000000000
0000000000000000000000000000
