0000000000000000000000000000
0000000000000000000000000000
0000000000000000000000000000
0000000000000000000000000000
0000000000001111100000000000
0000000000011111110000000000
0000000000111111111000000000
0000000001111001111000000000
0000000001111000111000000000
0000000000011000111100000000
0000000000111000011100000000
0000000001110000011100000000
0000000001110000011100000000
0000000001110000011100000000
0000000001110000011100000000
0000000001100000111100000000
0000000011100000111000000000
0000000011100000111000000000
0000000011100001111000000000
0000000011100001111000000000
0000000011110011110000000000
0000000001111111100000000000
0000000001111111100000000000
0000000000011111000000000000
0000000000000000000000000000
0000000000000000000000000000
0000000000000000000000000000
0000000000000000000000000000
