0000000000000000000000000000
0000000000000000000000000000
0000000000000000000000000000
0000000000000000000000000000
0000000000000001111000000000
0000000000000011111100000000
0000000000000111111110000000
0000000000001111111111100000
0000000000111111111111100000
0000000001111111111111110000
0000000001111111111111110000
0000000011111111111111110000
0000001111111111110011110000
0000011111111110000011110000
0000011111110000000011110000
0000011111100000000011110000
0000011111000000000011100000
0000111110000000000111100000
0000111110000000001111100000
0000111111000000001111100000
0000011111111111111111100000
0000011111111111111111100000
0000011111111111111111000000
0000000111111111111110000000
0000000000000000000000000000
0000000000000000000000000000
0000000000000000000000000000
0000000000000000000000000000
