0000000000000000000000000000
0000000000000000000000000000
0000000000000000000000000000
0000000000000000000000000000
0000000000000000001111100000
0000000000000000111111110000
0000000000000011111111110000
0000000000000111111111110000
0000000000001111111111110000
0000000000011111111111110000
0000000000011111100111110000
0000000001111111100111110000
0000000011111111000111110000
0000000111111110001111100000
0000001111111100001111100000
0000001111111000011111000000
0000011111100000111111000000
0000111111000001111110000000
0000111110000011111110000000
0000111110001111111100000000
0000111100111111111000000000
0000111111111111100000000000
0000111111111111000000000000
0000111111111100000000000000
0000000000000000000000000000
0000000000000000000000000000
0000000000000000000000000000
0000000000000000000000000000
