0000000000000000000000000000
0000000000000000000000000000
0000000000000000000000000000
0000000000000000000000000000
0000000000000000001111000000
0000000000000000011111000000
0000000000000000111111000000
0000000000000001111111000000
0000000000000001110111000000
0000000000000011100111000000
0000000000001111100110000000
0000000000011111101110000000
0000000000111111001110000000
0000000001111111011100000000
0000000001111111011100000000
0000000011110111111000000000
0000000011100111111000000000
0000000111100011110000000000
0000000111000111100000000000
0000001111001111110000000000
0000001110011111000000000000
0000001111111110000000000000
0000001111111100000000000000
0000001111110000000000000000
0000000000000000000000000000
0000000000000000000000000000
0000000000000000000000000000
0000000000000000000000000000
