0000000000000000000000000000
0000000000000000000000000000
0000000000000000000000000000
0000000000000000000000000000
0000000000000000000011100000
0000000000000000000111100000
0000000000000000011111100000
0000000000000000111111110000
0000000000000001111111110000
0000000000000011111011110000
0000000000000111110001110000
0000000000011111100011110000
0000000000111111000011110000
0000000000111110000011110000
0000000001111000000111100000
0000000111111000001111100000
0000000111100000011111000000
0000001111100000111110000000
0000011110000001111100000000
0000011110011111110000000000
0000111111111111110000000000
0000111111111111000000000000
0000111111111000000000000000
0000011111000000000000000000
0000000000000000000000000000
0000000000000000000000000000
0000000000000000000000000000
0000000000000000000000000000
