0000000000000000000000000000
0000000000000000000000000000
0000000000000000000000000000
0000000000000000000111100000
0000000000000000111111100000
0000000000000001111111110000
0000000000000011111111110000
0000000000000111111011110000
0000000000110111111001110000
0000000001111111111001110000
0000000011111111000000110000
0000000111111100000000111000
0000001111111100000001110000
0000011111100000000001110000
0000011110000000000011110000
0000011110000000001111110000
0000011100000001111111110000
0000011100000111111111110000
0000011111111111111111100000
0000011111111111111110000000
0000011111111111111100000000
0000011111111111100000000000
0000001111111100000000000000
0000000000000000000000000000
0000000000000000000000000000
0000000000000000000000000000
0000000000000000000000000000
0000000000000000000000000000
