0000000000000000000000000000
0000000000000000000000000000
0000000000000000000000000000
0000000000000000000000000000
0000000000000000000000000000
0000000000000011111111000000
0000000000000111111111000000
0000000000001111111111100000
0000000000011111011111100000
0000000000111101111111100000
0000000000111011111111100000
0000000000110111110011100000
0000000000111111000011100000
0000000000111111000111100000
0000000000111110000111000000
0000000001111100001111000000
0000000011111000001111000000
0000000111110000001111000000
0000001111110000011110000000
0000001111100000111100000000
0000011111000011111100000000
0000011110001111111000000000
0000011111111111110000000000
0000011111111110000000000000
0000011111110000000000000000
0000000000000000000000000000
0000000000000000000000000000
0000000000000000000000000000
