0000000000000000000000000000
0000000000000000000000000000
0000000000000000000000000000
0000000000000000000000000000
0000000000000001111100000000
0000000000000111111110000000
0000000000001111101111000000
0000000000011111001111100000
0000000000111110001111100000
0000000001111100000011110000
0000000011111000000001110000
0000000111110000000001110000
0000000111100000000001110000
0000000111000000000001110000
0000001111000000000001110000
0000001110000000000011100000
0000001110000000000111100000
0000001110000000000111100000
0000001110000000001111000000
0000001110000000111110000000
0000001111000001111100000000
0000000111110111111000000000
0000000111111111110000000000
0000000001111111000000000000
0000000000000000000000000000
0000000000000000000000000000
0000000000000000000000000000
0000000000000000000000000000
