0000000000000000000000000000
0000000000000000000000000000
0000000000000000000000000000
0000000000001111111000000000
0000000000011111111110000000
0000000000001111111110000000
0000000000000111111111000000
0000000000000000001111000000
0000000000000000001111100000
0000000000000000001111100000
0000000000000000001111100000
0000000111000000001111100000
0000011111000000001111000000
0000011111000000011111000000
0000011100000000111111000000
0000011100000000111110000000
0000011100000001111110000000
0000011100000111111100000000
0000011100000111111000000000
0000011111110111111000000000
0000011111111111100000000000
0000001111111111000000000000
0000001111111110000000000000
0000000000000000000000000000
0000000000000000000000000000
0000000000000000000000000000
0000000000000000000000000000
0000000000000000000000000000
