0000000000000000000000000000
0000000000000000000000000000
0000000000000000000000000000
0000000000000000000000000000
0000000000000000000000000000
0000000000011111000000000000
0000000000111111110000000000
0000000000111111111000000000
0000000001111111111100000000
0000000011111111111110000000
0000000011101100011111000000
0000000011001110001111000000
0000000111000000000111100000
0000000111000000000111100000
0000000111000000000011100000
0000000111000000000011100000
0000000111000000000011100000
0000000111000000000111100000
0000000111000000000111100000
0000000111100000000111100000
0000000011110000001111000000
0000000011111000111110000000
0000000011111111111100000000
0000000000111111111100000000
0000000000111111110000000000
0000000000000000000000000000
0000000000000000000000000000
0000000000000000000000000000
