0000000000000000000000000000
0000000000000000000000000000
0000000000000000000000000000
0000000000000000000000000000
0000000000001111100000000000
0000000000001101110000000000
0000000000011100111000000000
0000000000111000111000000000
0000000000111000011000000000
0000000000111000011000000000
0000000000110000011100000000
0000000000110000011100000000
0000000000110000011100000000
0000000000110000011100000000
0000000000110000011100000000
0000000000110000011100000000
0000000000110000011100000000
0000000000110000011100000000
0000000000110000011000000000
0000000000110000111000000000
0000000000111000111000000000
0000000000111101111000000000
0000000000011111110000000000
0000000000011111100000000000
0000000000000000000000000000
0000000000000000000000000000
0000000000000000000000000000
0000000000000000000000000000
