0000000000000000000000000000
0000000000000000000000000000
0000000000000000000000000000
0000000000000000000000000000
0000000000000000000000000000
0000000000011111111110000000
0000000001111111111110000000
0000000011111111111111000000
0000000111111111111111000000
0000000111111111111111000000
0000000111111111011111000000
0000001111111110001111000000
0000001111111110001111100000
0000001111111110001111100000
0000001111111110001111100000
0000001111110010011111100000
0000001111110000011111000000
0000001111110000111111000000
0000001111110001111111000000
0000001111110001111111000000
0000001111111111111110000000
0000000111111111111110000000
0000000011111111111000000000
0000000011111111111000000000
0000000001111111110000000000
0000000000000000000000000000
0000000000000000000000000000
0000000000000000000000000000
