0000000000000000000000000000
0000000000000000000000000000
0000000000000000000000000000
0000000000000000000000000000
0000000000000111111100000000
0000000000000111111110000000
0000000000000111111111000000
0000000000000010000111100000
0000000000000000000111100000
0000000000000000000011100000
0000000000000000000011100000
0000000000000000000111100000
0000000100000000000111100000
0000001100000000000111000000
0000001100000000001110000000
0000011100000000001110000000
0000011100000000011100000000
0000011100000000011100000000
0000011100000000111000000000
0000011110000011110000000000
0000001111000111110000000000
0000001111111111100000000000
0000001111111111000000000000
0000000011111110000000000000
0000000000000000000000000000
0000000000000000000000000000
0000000000000000000000000000
0000000000000000000000000000
