0000000000000000000000000000
0000000000000000000000000000
0000000000000000000000000000
0000000000000000000000000000
0000000000000011110000000000
0000000000001111110000000000
0000000000011111110000000000
0000000000111111111000000000
0000000000111101111000000000
0000000001111001111111000000
0000000001110001111100000000
0000000011110001111100000000
0000000011110000111100000000
0000000011100000011100000000
0000000111100000011100000000
0000000111100000011100000000
0000000111100000011100000000
0000000111100000011110000000
0000000111100000011100000000
0000000111110000111100000000
0000000111111011111100000000
0000000011111111111000000000
0000000001111111110000000000
0000000000111111100000000000
0000000000000000000000000000
0000000000000000000000000000
0000000000000000000000000000
0000000000000000000000000000
