0000000000000000000000000000
0000000000000000000000000000
0000000000000000000000000000
0000000000000000000000000000
0000000000000000000000000000
0000000000000111111000000000
0000000000001111111100000000
0000000000111111111100000000
0000000000111100011100000000
0000000001111000111100000000
0000000011110000111100000000
0000000011100000111100000000
0000000011100000111100000000
0000000111100000011100000000
0000000111000000111100000000
0000000111000000111100000000
0000000111000001111100000000
0000000111000001111100000000
0000000011100001111100000000
0000000011100000011100000000
0000000011100000011100000000
0000000011110000111100000000
0000000011111111111000000000
0000000001111111111000000000
0000000000001111110000000000
0000000000000000000000000000
0000000000000000000000000000
0000000000000000000000000000
