0000000000000000000000000000
0000000000000000000000000000
0000000000000000000000000000
0000000000000000000000000000
0000000000000111100000000000
0000000000000111111000000000
0000000000011101111000000000
0000000000111101111000000000
0000000000111000011100000000
0000000000111000011110000000
0000000000111000011110000000
0000000000111000001110000000
0000000000111000001110000000
0000000000111000001110000000
0000000000111000011110000000
0000000000111000011110000000
0000000000110000011110000000
0000000001110000111100000000
0000000001110001111100000000
0000000001110001111000000000
0000000000111111111000000000
0000000000111111100000000000
0000000000111111100000000000
0000000000011111000000000000
0000000000000000000000000000
0000000000000000000000000000
0000000000000000000000000000
0000000000000000000000000000
