0000000000000000000000000000
0000000000000000000000000000
0000000000000000000000000000
0000000000000000000000000000
0000000000000000000000000000
0000000000011111111100000000
0000000000111111111110000000
0000000011111111111111000000
0000000111111111111111000000
0000000111111110001111000000
0000000111111110000111100000
0000000111111100000111100000
0000000111111000000011100000
0000000111111000000011100000
0000000111110000000011100000
0000000111100000000111100000
0000000111100000000111100000
0000000111100000001111100000
0000000111000000001111000000
0000000111000000011111000000
0000000111100001111110000000
0000000111111111111110000000
0000000111111111111100000000
0000000011111111110000000000
0000000011111111000000000000
0000000000000000000000000000
0000000000000000000000000000
0000000000000000000000000000
