0000000000000000000000000000
0000000000000000000000000000
0000000000000000000000000000
0000000000000000000000000000
0000000000000000111110000000
0000000000001101111111000000
0000000000011111111111100000
0000000000111111111111110000
0000000001111111110011110000
0000000011111111000001110000
0000000111111100000011110000
0000001111110000000011110000
0000001111110000000111110000
0000001111100000000111110000
0000001111000000001111110000
0000011111000000011111100000
0000011110000000011111000000
0000011110000000111111000000
0000011110000001111111000000
0000001110000111111100000000
0000001111111111111100000000
0000001111111111111000000000
0000000111111111110000000000
0000000011111110000000000000
0000000000000000000000000000
0000000000000000000000000000
0000000000000000000000000000
0000000000000000000000000000
