0000000000000000000000000000
0000000000000000000000000000
0000000000000000000000000000
0000000000000000000000000000
0000000000000000000000000000
0000000000001111110000000000
0000000000111111111100000000
0000000000111111111110000000
0000000001111110011111000000
0000000011111100000111000000
0000000011111000000111000000
0000000011111000000111000000
0000000111111000000011100000
0000000111011000000011100000
0000000111001000000011100000
0000000111000000000011100000
0000000111000000000011100000
0000000111100000000011100000
0000000111100000000111000000
0000000011110000000111100000
0000000011111000001111000000
0000000001111000011111000000
0000000001111111111110000000
0000000000111111111100000000
0000000000001111111000000000
0000000000000000000000000000
0000000000000000000000000000
0000000000000000000000000000
