0000000000000000000000000000
0000000000000000000000000000
0000000000000000000000000000
0000000000000000000000000000
0000000000000011111100000000
0000000000011111111110000000
0000000000111111111111000000
0000000000111110111111000000
0000000011111100111111000000
0000000011111000111111100000
0000000111110000111111100000
0000001111100001111111100000
0000001111100001111111100000
0000011111000011111111100000
0000011111000011111111100000
0000011110000011111111100000
0000011110000001111111000000
0000011110000000111111000000
0000011110000001111110000000
0000011111001111111100000000
0000011111111111111100000000
0000011111111111111000000000
0000011111111111100000000000
0000001111111110000000000000
0000000000000000000000000000
0000000000000000000000000000
0000000000000000000000000000
0000000000000000000000000000
