0000000000000000000000000000
0000000000000000000000000000
0000000000000000000000000000
0000000000000000000000000000
0000000000000000000000000000
0000000000111111100000000000
0000000001111111110000000000
0000000001111111111000000000
0000000001111111111100000000
0000000001111011111100000000
0000000011110000111110000000
0000000011110000111110000000
0000000111100000011110000000
0000000111100000011111000000
0000000111100000011111000000
0000000011100000011111000000
0000000011100000011111000000
0000000011100000011111000000
0000000011100000011111000000
0000000011110000011111000000
0000000001111000111111000000
0000000001111101111110000000
0000000001111111111100000000
0000000000111111110000000000
0000000000001111100000000000
0000000000000000000000000000
0000000000000000000000000000
0000000000000000000000000000
