0000000000000000000000000000
0000000000000000000000000000
0000000000000000000000000000
0000000000000000000000000000
0000000000000000000000000000
0000000000000111111111000000
0000000000011111111111000000
0000000000011111111111100000
0000000000111111100111100000
0000000001111111000011110000
0000000001111111000011110000
0000000011111110000011110000
0000000011111100000111100000
0000000011111000000111000000
0000000011110000001111000000
0000000111100000001111000000
0000001111100000011111000000
0000001111000000011110000000
0000011111000000111110000000
0000011110000000111100000000
0000011110000001111000000000
0000011100000111110000000000
0000011100001111110000000000
0000111100111111100000000000
0000011111111110000000000000
0000000000000000000000000000
0000000000000000000000000000
0000000000000000000000000000
