0000000000000000000000000000
0000000000000000000000000000
0000000000000000000000000000
0000000000000000000000000000
0000000000000000000000000000
0000000000001111111110000000
0000000000111111111111000000
0000000001111111111111100000
0000000011111111111111100000
0000000011111111111111100000
0000000011111100000111100000
0000000011111000001111100000
0000000111110000011111100000
0000000111110000011111000000
0000001111110000111111000000
0000001111111000111110000000
0000011111111101111110000000
0000011110001001111110000000
0000011110000001111100000000
0000011110000011111100000000
0000011111101111111100000000
0000011111111111111100000000
0000001111111111110000000000
0000001111111111110000000000
0000000111111110000000000000
0000000000000000000000000000
0000000000000000000000000000
0000000000000000000000000000
