0000000000000000000000000000
0000000000000000000000000000
0000000000000000000000000000
0000000000000000000000000000
0000000000111111000000000000
0000000001111111100000000000
0000000001111111110000000000
0000000001111001110000000000
0000000011110001111100000000
0000000011110001111110000000
0000000011110000011111000000
0000000011100000001111100000
0000000011100000000111100000
0000000111100000000111100000
0000000111100000000011100000
0000000111100000000111100000
0000000111100000000111100000
0000000011100000000111000000
0000000011100000001111000000
0000000011100000001110000000
0000000011110000111110000000
0000000011110001111100000000
0000000001111111111000000000
0000000000111111110000000000
0000000000000000000000000000
0000000000000000000000000000
0000000000000000000000000000
0000000000000000000000000000
