0000000000000000000000000000
0000000000000000000000000000
0000000000000000000000000000
0000000000000000000000000000
0000000000000111110000000000
0000000000001111111000000000
0000000000011111111100000000
0000000000111111111110000000
0000000001111100011110000000
0000000001111000001110000000
0000000001111000001110000000
0000000001111000001111000000
0000000011111000001111000000
0000000011110000001111000000
0000000011110000000111000000
0000000011110000000111000000
0000000011110000001111000000
0000000011110000001111000000
0000000111100000011111000000
0000000111100000111111000000
0000000111111111111110000000
0000000011111111111110000000
0000000011111111111000000000
0000000001111111110000000000
0000000000000000000000000000
0000000000000000000000000000
0000000000000000000000000000
0000000000000000000000000000
