0000000000000000000000000000
0000000000000000000000000000
0000000000000000000000000000
0000000000000000000000000000
0000000000011011110000000000
0000000000111011110000000000
0000000000111000111000000000
0000000001111000111100000000
0000000001110000011110000000
0000000011110000001110000000
0000000011100000000111000000
0000000011100000000011000000
0000000011000000000011100000
0000000111000000000011100000
0000000111000000000011100000
0000000111000000000001100000
0000000111000000000001100000
0000000111000000000011100000
0000000111100000000011100000
0000000011100000000111100000
0000000011110000011111000000
0000000001111000111110000000
0000000001111111111100000000
0000000000011111110000000000
0000000000000000000000000000
0000000000000000000000000000
0000000000000000000000000000
0000000000000000000000000000
