0000000000000000000000000000
0000000000000000000000000000
0000000000000000000000000000
0000000000000000000000000000
0000000000000000000000000000
0000000000000000000000000000
0000000000011111100000000000
0000000000111111111000000000
0000000011111111111111000000
0000000111111111111111110000
0000001111100111011111110000
0000001111000111000001111000
0000011111000011000000111000
0000011100000000000000111000
0000011100000000000000011000
0000011100000000000000011000
0000011100000000000000111000
0000011100000000000001111000
0000011100000000000011110000
0000011111100000001111100000
0000011111111111111111000000
0000001111111111111110000000
0000000011111111111000000000
0000000000111111000000000000
0000000000000000000000000000
0000000000000000000000000000
0000000000000000000000000000
0000000000000000000000000000
