0000000000000000000000000000
0000000000000000000000000000
0000000000000000000000000000
0000000000000000000000000000
0000000000001111111100000000
0000000000001111111100000000
0000000000111111111110000000
0000000111111111111111100000
0000000111111111111111100000
0000011111111100111111111000
0000011111111000011111111000
0000011111110000000011111000
0000011111000000000011111000
0000011111000000000011111000
0000011111000000000011111000
0000011110000000000011111000
0000011111000000001111111000
0000011111000000011111111000
0000011111111100111111110000
0000011111111111111111100000
0000001111111111111111000000
0000000111111111111110000000
0000000011111111111100000000
0000000000111111110000000000
0000000000000000000000000000
0000000000000000000000000000
0000000000000000000000000000
0000000000000000000000000000
