0000000000000000000000000000
0000000000000000000000000000
0000000000000000000000000000
0000000000000000000000000000
0000000000000000000000000000
0000000000000000000000000000
0000000011110000111111100000
0000000011110111111111111000
0000001111111111111111111000
0000001111111111111111111000
0000011111111111111111111000
0000011111111110001111111000
0000011111111110000011111000
0000011111000000000011111000
0000011111000000000011111000
0000011111000000000111110000
0000011110000000001111110000
0000011110000000111111100000
0000011111000001111111000000
0000011111110011111111000000
0000011111111111111110000000
0000011111111111111100000000
0000001111111111111000000000
0000000111111111100000000000
0000000011111100000000000000
0000000000110000000000000000
0000000000000000000000000000
0000000000000000000000000000
