0000000000000000000000000000
0000000000000000000000000000
0000000000000000000000000000
0000000000000000000000000000
0000000000000000000000000000
0000000000000000000000000000
0000000011111111111000000000
0000000111111111111100000000
0000000111100000111111000000
0000000111000000001111100000
0000000111000000000011110000
0000001111000000000001111000
0000001110000000000000111100
0000001110000000000000011100
0000001100000000000000001100
0000001100000000000000001100
0000001100000000000000011100
0000001100000000000000111100
0000001110000000000001111000
0000001110000000000011110000
0000001111000000011111100000
0000000111100011111111000000
0000000111111111111000000000
0000000011111111110000000000
0000000000000000000000000000
0000000000000000000000000000
0000000000000000000000000000
0000000000000000000000000000
