0000000000000000000000000000
0000000000000000000000000000
0000000000000000000000000000
0000000000000000000000000000
0000000000000000000000000000
0000000000001111111110000000
0000000000001111111111100000
0000000001111111111111100000
0000000011111100000011110000
0000000111110000000011110000
0000000111110000000001110000
0000000111100000000001110000
0000001111100000000001110000
0000001111100000000001110000
0000001111100000000011110000
0000001111100000000011110000
0000011101100000000011100000
0000011100000000000111100000
0000011100000000001111000000
0000011100000000011110000000
0000001110000001111110000000
0000001111001111111000000000
0000001111111111110000000000
0000001111111111100000000000
0000000111111110000000000000
0000000000000000000000000000
0000000000000000000000000000
0000000000000000000000000000
