0000000000000000000000000000
0000000000000000000000000000
0000000000000000000000000000
0000000000000000000000000000
0000000000000000000000000000
0000000000111111110000000000
0000000011111111111100000000
0000000011111111111110000000
0000000111111111111111000000
0000000111111100001111000000
0000000111100000000111000000
0000000111100000000111100000
0000000111100000000111100000
0000000111100000000011100000
0000000111100000000011100000
0000000111100000000011100000
0000000111100000000011100000
0000000111100000000011100000
0000000011110000000111100000
0000000011110000000111100000
0000000011111000001111000000
0000000001111110001111000000
0000000000111111111110000000
0000000000011111111110000000
0000000000001111111100000000
0000000000000000000000000000
0000000000000000000000000000
0000000000000000000000000000
