0000000000000000000000000000
0000000000000000000000000000
0000000000000000000000000000
0000000000000000000000000000
0000000000011111111000000000
0000000001111111111100000000
0000000011111111111111000000
0000000111111000111111000000
0000000111111000001111100000
0000001111111100000111110000
0000001111011100000001110000
0000001110000000000001110000
0000011100000000000000110000
0000011100000000000000111000
0000011100000000000000111000
0000011000000000000000111000
0000011000000000000001111000
0000011000000000000001110000
0000011100000000000011110000
0000011100000000001111100000
0000011111000000111111100000
0000011111111111111110000000
0000001111111111111100000000
0000000011111111111000000000
0000000000000000000000000000
0000000000000000000000000000
0000000000000000000000000000
0000000000000000000000000000
