0000000000000000000000000000
0000000000000000000000000000
0000000000000000000000000000
0000000000000000000000000000
0000000000000000000000000000
0000000000000000000000000000
0000000000000000001111000000
0000000000000000111111110000
0000000000000011111111111000
0000000000000111111111111000
0000000000001111110000111000
0000000000111111000000111000
0000000000111110000001111000
0000000011111000000001110000
0000000111110000000011110000
0000001111100000001111100000
0000001111000000011111000000
0000011111000000111110000000
0000011110000111111100000000
0000011100111111110000000000
0000011111111111100000000000
0000011111111110000000000000
0000001111111000000000000000
0000000000000000000000000000
0000000000000000000000000000
0000000000000000000000000000
0000000000000000000000000000
0000000000000000000000000000
