0000000000000000000000000000
0000000000000000000000000000
0000000000000000000000000000
0000000000000000000000000000
0000000000001110000000000000
0000000000011111100000000000
0000000000011111111000000000
0000000000111001111100000000
0000000001110000011110000000
0000000011100000001111000000
0000000011100000000111000000
0000000011100000000011100000
0000000011000000000011100000
0000000111000000000011100000
0000000111000000000011000000
0000000111000000000011000000
0000000111000000000011000000
0000000111100000000111000000
0000000111100000000111000000
0000000011100000001110000000
0000000011110000011100000000
0000000001111001111000000000
0000000001111111111000000000
0000000000111111100000000000
0000000000000000000000000000
0000000000000000000000000000
0000000000000000000000000000
0000000000000000000000000000
