0000000000000000000000000000
0000000000000000000000000000
0000000000000000000000000000
0000000000000000000000000000
0000000000000011111000000000
0000000000000011111100000000
0000000000000011111110000000
0000000000000011111111000000
0000000000000111111111000000
0000000000000111111111100000
0000000000011111101111100000
0000000000111111101111100000
0000000001111110011111100000
0000000001111110111110000000
0000000011111100111110000000
0000000111111001111110000000
0000001111111011111110000000
0000011111110111111100000000
0000011111111111111000000000
0000011111111111111000000000
0000011111111111100000000000
0000001111111111100000000000
0000000111111111000000000000
0000000011111110000000000000
0000000000000000000000000000
0000000000000000000000000000
0000000000000000000000000000
0000000000000000000000000000
