0000000000000000000000000000
0000000000000000000000000000
0000000000000000000000000000
0000000000000000000000000000
0000000000000011111110000000
0000000000000111111111000000
0000000000001111111111100000
0000000000011111111111100000
0000000000011111110011100000
0000000000111111000011100000
0000000000111111000011100000
0000000001111111000011100000
0000000001111110000111100000
0000000011111100000111100000
0000000011111100001111100000
0000000111111100001111000000
0000000111111100011111000000
0000000111111001111110000000
0000000111110011111110000000
0000001111111111111100000000
0000001111111111110000000000
0000001111111111110000000000
0000000111111111000000000000
0000000111111100000000000000
0000000000000000000000000000
0000000000000000000000000000
0000000000000000000000000000
0000000000000000000000000000
