0000000000000000000000000000
0000000000000000000000000000
0000000000000000000000000000
0000000000000000000000000000
0000000000000000000000000000
0000000001111111011110000000
0000000011111111111111100000
0000000011111111111111110000
0000000111110111110011111000
0000001111100110110001111000
0000001111000000000000111000
0000001111000000000000111000
0000011111000000000000111000
0000011110000000000000111000
0000011110000000000001111000
0000011110000000000001111000
0000011100000000000011110000
0000011100000000000111110000
0000011100000000001111100000
0000011100000000111111000000
0000011110000011111110000000
0000011111111111111000000000
0000011111111111110000000000
0000001111111111100000000000
0000000011111100000000000000
0000000000000000000000000000
0000000000000000000000000000
0000000000000000000000000000
