0000000000000000000000000000
0000000000000000000000000000
0000000000000000000000000000
0000000001111100000000000000
0000000001111100000000000000
0000000011111100000000000000
0000001111110000000000000000
0000001111110011110000000000
0000001111100111111100000000
0000001111101111111110000000
0000001111101111111110000000
0000001111110111111111100000
0000001111110011111111110000
0000001111110000111111111000
0000001111110000111111111100
0000001111110000001111111100
0000001111110000000011111100
0000001111111100000011111100
0000001111111110110111111100
0000000011111111111111110000
0000000011111111111111100000
0000000001111111111110000000
0000000000111111111000000000
0000000000000000000000000000
0000000000000000000000000000
0000000000000000000000000000
0000000000000000000000000000
0000000000000000000000000000
