0000000000000000000000000000
0000000000000000000000000000
0000000000000000000000000000
0000000000000000000000000000
0000000000000011111100000000
0000000000001111111110000000
0000000000001111111110000000
0000000000011111111110000000
0000000000011111111110000000
0000000001111111001111000000
0000000001111110001111000000
0000000011111100001111100000
0000000111111100001111100000
0000000111111000011111000000
0000000111110000111111000000
0000001111110000111111000000
0000011111100001111111000000
0000011111100011111110000000
0000011111000111111100000000
0000001111111111111100000000
0000001111111111111000000000
0000000111111111110000000000
0000000111111111000000000000
0000000001111110000000000000
0000000000000000000000000000
0000000000000000000000000000
0000000000000000000000000000
0000000000000000000000000000
