0000000000000000000000000000
0000000000000000000000000000
0000000000000000000000000000
0000000000000000000000000000
0000000000000000000000000000
0000000000000011111100000000
0000000000000111111110000000
0000000000001111011110000000
0000000000011111100111000000
0000000000011111100111000000
0000000000111100000111000000
0000000000111000000111000000
0000000001111000000011000000
0000000001110000000011000000
0000000011110000000111000000
0000000011100000000111000000
0000000111100000000111000000
0000000111100000001110000000
0000000111000000011110000000
0000000111000000011110000000
0000000111100000111100000000
0000000011100001111100000000
0000000011111111111000000000
0000000001111111110000000000
0000000000111111100000000000
0000000000000000000000000000
0000000000000000000000000000
0000000000000000000000000000
