0000000000000000000000000000
0000000000000000000000000000
0000000000000000000000000000
0000000000000000000000000000
0000000000000000000000000000
0000000000000000011111000000
0000000000000111111111100000
0000000000011111111111100000
0000000000001111111111100000
0000000000011111111111100000
0000000000111111111111100000
0000000011111111011111000000
0000000011111100011110000000
0000001111110000011110000000
0000001111110000011110000000
0000001111100000011110000000
0000011111000000111100000000
0000011110000001111100000000
0000011110000111111100000000
0000011110001111111000000000
0000011100001111110000000000
0000011100111111100000000000
0000011111111111000000000000
0000001111111110000000000000
0000000111111000000000000000
0000000000000000000000000000
0000000000000000000000000000
0000000000000000000000000000
