0000000000000000000000000000
0000000000000000000000000000
0000000000000000000000000000
0000000000000000000000000000
0000000000000011111110000000
0000000000000011111111000000
0000000000000111111111000000
0000000000001111111111000000
0000000000111111101111000000
0000000000111110001111000000
0000000001111100001111000000
0000000011111000000111000000
0000000011111000000111000000
0000000111110000000111000000
0000000111100000000111000000
0000001111000000001111000000
0000001111000000001111000000
0000011110000000011110000000
0000011110000000111110000000
0000011110000011111110000000
0000011111001111111100000000
0000011111111111111000000000
0000001111111111100000000000
0000000111111110000000000000
0000000000000000000000000000
0000000000000000000000000000
0000000000000000000000000000
0000000000000000000000000000
