0000000000000000000000000000
0000000000000000000000000000
0000000000000000000000000000
0000000000000000000000000000
0000000000000000000000000000
0000000011111101101000000000
0000000011100011111000000000
0000000011000111111100000000
0000000111001110001110000000
0000000110001100001110000000
0000000110001100000110000000
0000000110001100000111000000
0000000110000000000011000000
0000000110000000000011000000
0000000110000000000011100000
0000000110000000000011100000
0000000110000000000011100000
0000000111000000000011100000
0000000011000000000011000000
0000000011000000000111000000
0000000011100000000111000000
0000000011100000001110000000
0000000001110000011110000000
0000000001111111111100000000
0000000000111111111000000000
0000000000000000000000000000
0000000000000000000000000000
0000000000000000000000000000
