0000000000000000000000000000
0000000000000000000000000000
0000000000000000000000000000
0000000000000000000000000000
0000000000000000000000000000
0000000000000000000000000000
0000000000000000011111100000
0000000000000000111111110000
0000000000000011111111110000
0000000000001111111101110000
0000000000011111111101110000
0000000000111111110001110000
0000000011111111000011110000
0000000111111100000011110000
0000001111111000000111100000
0000011111110000000111100000
0000111111100000001111100000
0000111110000001111111000000
0000111100000011111111000000
0000111111111111111100000000
0000111111111111110000000000
0000111111111111000000000000
0000000000000000000000000000
0000000000000000000000000000
0000000000000000000000000000
0000000000000000000000000000
0000000000000000000000000000
0000000000000000000000000000
