0000000000000000000000000000
0000000000000000000000000000
0000000000000000000000000000
0000000000000000000000000000
0000000000000000000000000000
0000000000011111100000000000
0000000000111111110000000000
0000000001111111111000000000
0000000001111101111000000000
0000000001111100111100000000
0000000011110000011100000000
0000000011110000011100000000
0000000011110000011110000000
0000000011110000001110000000
0000000001110000001110000000
0000000001110000001110000000
0000000001110000001110000000
0000000000111000011110000000
0000000000111000011110000000
0000000000111100111100000000
0000000000111100111100000000
0000000000111111111000000000
0000000000011111111000000000
0000000000001111110000000000
0000000000000111100000000000
0000000000000000000000000000
0000000000000000000000000000
0000000000000000000000000000
