0000000000000000000000000000
0000000000000000000000000000
0000000000000000000000000000
0000000000000000000000000000
0000000000000000000000000000
0000000000000011110000000000
0000000000000111111100000000
0000000000000111111110000000
0000000000001111111110000000
0000000000011111000111000000
0000000000111111000011000000
0000000000111110000011000000
0000000000111110000011100000
0000000001111110000111000000
0000000001110110000111000000
0000000011110000001111000000
0000000011100000001110000000
0000000011100000011110000000
0000000011100000111100000000
0000000111100000111100000000
0000000111100011111000000000
0000000011110111110000000000
0000000011111111100000000000
0000000001111111000000000000
0000000000111110000000000000
0000000000000000000000000000
0000000000000000000000000000
0000000000000000000000000000
