0000000000000000000000000000
0000000000000000000000000000
0000000000000000000000000000
0000000000000000000000000000
0000000000000011111000000000
0000000000001111111100000000
0000000000011110011100000000
0000000000111100001110000000
0000000001111100001110000000
0000000011100000000110000000
0000000011100000000110000000
0000000111000000000110000000
0000000110000000000110000000
0000000110000000000110000000
0000000110000000000110000000
0000000100000000000110000000
0000000100000000000110000000
0000000100000000001110000000
0000000100000000001100000000
0000000100000000011100000000
0000000110000000111100000000
0000000111100111111000000000
0000000011111111110000000000
0000000011111111000000000000
0000000000000000000000000000
0000000000000000000000000000
0000000000000000000000000000
0000000000000000000000000000
