0000000000000000000000000000
0000000000000000000000000000
0000000000000000000000000000
0000000000000000000000000000
0000000000000000000000000000
0000000000000000000000000000
0000000000000000000000000000
0000000000011111111110000000
0000000000111111111111000000
0000000000111111111111000000
0000000011111000000111100000
0000000111100000000011100000
0000011111000000000011100000
0000011110000000000011100000
0000111000000000000011100000
0001110000000000000011100000
0001100000000000000011100000
0001100000000000000111000000
0001100000000000001111000000
0001110000000000001110000000
0001111110000001111100000000
0000011111111111110000000000
0000000111111110000000000000
0000000000000000000000000000
0000000000000000000000000000
0000000000000000000000000000
0000000000000000000000000000
0000000000000000000000000000
