0000000000000000000000000000
0000000000000000000000000000
0000000000000000000000000000
0000000000000000000000000000
0000000000000000111110000000
0000000000000001111111100000
0000000000000111111111100000
0000000000000111111111100000
0000000000011111111111100000
0000000000011111000111100000
0000000000111111000111100000
0000000011111110000111110000
0000000011111100000111110000
0000000011111000001111100000
0000001111110000001111100000
0000001111110000011111100000
0000011111100001111111100000
0000111111001111111111100000
0000111111011111111110000000
0000111111111111111100000000
0000111111111111110000000000
0000111111111111000000000000
0000111111111110000000000000
0000111111110000000000000000
0000000000000000000000000000
0000000000000000000000000000
0000000000000000000000000000
0000000000000000000000000000
