0000000000000000000000000000
0000000000000000000000000000
0000000000000000000000000000
0000000000000000000000000000
0000000000011110000000000000
0000000000011110000000000000
0000000000111111111000000000
0000000000111111111110000000
0000000001111111111111000000
0000000001111110011111100000
0000000011110000000111100000
0000000011110000000011100000
0000000111100000000001110000
0000000111100000000001110000
0000000111100000000001110000
0000000111000000000001110000
0000001111000000000001110000
0000001111000000000001110000
0000001111000000000001110000
0000000111000000000111100000
0000000111100000001111100000
0000000111111000011111000000
0000000011111111111100000000
0000000001111111110000000000
0000000000000000000000000000
0000000000000000000000000000
0000000000000000000000000000
0000000000000000000000000000
