0000000000000000000000000000
0000000000000000000000000000
0000000000000000000000000000
0000000000000000000000000000
0000000000000111111000000000
0000000000000111111100000000
0000000000011111011110000000
0000000001111100001110000000
0000000001111000001110000000
0000000001111000000111000000
0000000011110000000111000000
0000000011110000000111000000
0000000011100000000111000000
0000000011100000000111000000
0000000111100000000111000000
0000000111100000000111000000
0000000011100000001110000000
0000000011100000011110000000
0000000011110000011110000000
0000000011110000111100000000
0000000001111001111000000000
0000000001111111111000000000
0000000000111111110000000000
0000000000011111100000000000
0000000000000000000000000000
0000000000000000000000000000
0000000000000000000000000000
0000000000000000000000000000
