0000000000000000000000000000
0000000000000000000000000000
0000000000000000000000000000
0000000000000000000000000000
0000000000011111100000000000
0000000000111111110000000000
0000000000111100111000000000
0000000000111000011000000000
0000000000111000011100000000
0000000000110000011100000000
0000000001110000001110000000
0000000001110000001110000000
0000000001110000001110000000
0000000001110000000110000000
0000000001110000000110000000
0000000001110000001110000000
0000000001110000001110000000
0000000001110000001110000000
0000000000110000001100000000
0000000000111000011100000000
0000000000111000111100000000
0000000000011101111000000000
0000000000011111110000000000
0000000000001111100000000000
0000000000000000000000000000
0000000000000000000000000000
0000000000000000000000000000
0000000000000000000000000000
