0000000000000000000000000000
0000000000000000000000000000
0000000000000000000000000000
0000000000000000000000000000
0000000000000111111100000000
0000000000001111111100000000
0000000000111111111100000000
0000000011111111111111000000
0000000011111100111111100000
0000000111110000110111110000
0000001111100000000001110000
0000011111000000000000111000
0000011110000000000000111000
0000011110000000000000111000
0000011100000000000000011000
0000011100000000000000011000
0000011100000000000000111000
0000011110000000000000111000
0000011111000000000001111000
0000001111110000000111110000
0000001111111111111111110000
0000000011111111111111100000
0000000001111111111100000000
0000000000001111110000000000
0000000000000000000000000000
0000000000000000000000000000
0000000000000000000000000000
0000000000000000000000000000
