0000000000000000000000000000
0000000000000000000000000000
0000000000000000000000000000
0000000000000000000000000000
0000000000000011111000000000
0000000000000111111000000000
0000000000001111111000000000
0000000000011111111100000000
0000000000111100111100000000
0000000001111100111100000000
0000000001111000011110000000
0000000001110000001110000000
0000000011110000001111000000
0000000011110000000111000000
0000000011100000000111000000
0000000011100000000111000000
0000000111100000000111000000
0000000011110000000111000000
0000000011110000001111000000
0000000011110000011110000000
0000000001111001111110000000
0000000001111111111100000000
0000000001111111111000000000
0000000000111111110000000000
0000000000000000000000000000
0000000000000000000000000000
0000000000000000000000000000
0000000000000000000000000000
