0000000000000000000000000000
0000000000000000000000000000
0000000000000000000000000000
0000000000000000000000000000
0000000000000000000000000000
0000000000011111111100000000
0000000000111110011111000000
0000000001110000000111000000
0000000011100000000011100000
0000001111000000000001110000
0000001110000000000000110000
0000011110000000000000110000
0000011100000000000000111000
0000011100000000000000011000
0000001100000000000000111000
0000001100000000000000111000
0000001110000000000000110000
0000001110000000000000110000
0000000110000000000001110000
0000000111000000000001100000
0000000111000000000011100000
0000000011100000001111000000
0000000001111000011110000000
0000000001111111111100000000
0000000000011111110000000000
0000000000000000000000000000
0000000000000000000000000000
0000000000000000000000000000
