0000000000000000000000000000
0000000000000000000000000000
0000000000000000000000000000
0000000000000000000000000000
0000000000000000011111000000
0000000000000001111111100000
0000000000000111111111110000
0000000000001111111111111000
0000000000011111110011111000
0000000000111111100001111000
0000000001111111000001111000
0000000011111110000001111000
0000000111111100000001111000
0000001111111000000011111000
0000011111111000000111110000
0000011111111000000111110000
0000011111011000001111100000
0000011110000000011111000000
0000011110000001111110000000
0000011110000011111100000000
0000011110011111111000000000
0000011111111111100000000000
0000001111111111000000000000
0000000111111100000000000000
0000000000000000000000000000
0000000000000000000000000000
0000000000000000000000000000
0000000000000000000000000000
