0000000000000000000000000000
0000000000000000000000000000
0000000000000000000000000000
0000000000000000000000000000
0000000000000111111100000000
0000000000011111111100000000
0000000001111111010000000000
0000000011111100000000000000
0000000011111000000000000000
0000000111110000011100000000
0000001111100000111110000000
0000001111000000011111110000
0000001111000000001111111000
0000001110000000000001111000
0000001110000000000001111000
0000001110000000000000111100
0000001110000000000000111100
0000001111000000000001111100
0000001111000000000001111000
0000001111100000000111110000
0000000111111111111111110000
0000000011111111111111000000
0000000001111111111100000000
0000000000001111110000000000
0000000000000000000000000000
0000000000000000000000000000
0000000000000000000000000000
0000000000000000000000000000
