0000000000000000000000000000
0000000000000000000000000000
0000000000000000000000000000
0000000000000000000000000000
0000000000000000000000000000
0000000000001111000000000000
0000000000011111011110000000
0000000000011111111111000000
0000000000111011111111100000
0000000001111111111111100000
0000000001111111111111100000
0000000011111111001111100000
0000000011111111111111100000
0000000111111111111111100000
0000000111111111111110000000
0000001111111101111110000000
0000001111100001111110000000
0000011111100001111110000000
0000011011100001111100000000
0000011011100011111100000000
0000011011111111111000000000
0000011001111111111000000000
0000011111111111110000000000
0000011111111111000000000000
0000001111110000000000000000
0000000000000000000000000000
0000000000000000000000000000
0000000000000000000000000000
