0000000000000000000000000000
0000000000000000000000000000
0000000000000000000000000000
0000000000000000000000000000
0000000000000001110000000000
0000000000000001111000000000
0000000000000011111000000000
0000000000000011111000000000
0000000000000111111100000000
0000000000001111111100000000
0000000000001110011100000000
0000000000011110011100000000
0000000000011100111100000000
0000000000111100111100000000
0000000000111000111000000000
0000000000111000111000000000
0000000001110001111000000000
0000000001110001110000000000
0000000011100011110000000000
0000000001100111110000000000
0000000011101111100000000000
0000000011111111000000000000
0000000011111110000000000000
0000000001111100000000000000
0000000000000000000000000000
0000000000000000000000000000
0000000000000000000000000000
0000000000000000000000000000
