0000000000000000000000000000
0000000000000000000000000000
0000000000000000000000000000
0000000000000000000000000000
0000000000001111100000000000
0000000001111111111100000000
0000000001111111111111000000
0000000001111111111111000000
0000000001111110011111100000
0000000111111110001111110000
0000000111111110000111110000
0000000111111000000111110000
0000000111110000000111110000
0000001111110000000111110000
0000001111100000000111110000
0000001111100000000111110000
0000001111000000001111110000
0000001111000000111111110000
0000001111000011111111110000
0000001111111111111111100000
0000001111111111111111000000
0000000111111111111111000000
0000000111111111111100000000
0000000001111111110000000000
0000000000000000000000000000
0000000000000000000000000000
0000000000000000000000000000
0000000000000000000000000000
