0000000000000000000000000000
0000000000000000000000000000
0000000000000000000000000000
0000000000000000000000000000
0000000000000000000000000000
0000000000000111111100000000
0000000001111111111111000000
0000000111111110001111000000
0000001111111110000111000000
0000001111100000000011100000
0000011100000000000011100000
0000011100000000000011100000
0000011100000000000001100000
0000011100000000000001110000
0000111100000000000001110000
0000111100000000000001110000
0000011100000000000001110000
0000011100000000000011110000
0000011100000000000011100000
0000001110000000000111100000
0000001111000000001111000000
0000000111100000011111000000
0000000111111011111100000000
0000000001111111111100000000
0000000000111111100000000000
0000000000000000000000000000
0000000000000000000000000000
0000000000000000000000000000
