0000000000000000000000000000
0000000000000000000000000000
0000000000000000000000000000
0000000000000000000000000000
0000000000000000000000000000
0000000000000000000000000000
0000000000000001111111100000
0000000000011111111111111000
0000000000011111110011111000
0000000001111111011110111000
0000000011111111111111111000
0000000011111111111111111000
0000000111101111101111111000
0000001111001110111111110000
0000001111000000111111000000
0000011111000000011110000000
0000011110000000111110000000
0000011110000001111000000000
0000011100000011111000000000
0000011100000111110000000000
0000011100001111100000000000
0000011101111111000000000000
0000011111111110000000000000
0000011111111000000000000000
0000011111110000000000000000
0000000000000000000000000000
0000000000000000000000000000
0000000000000000000000000000
