0000000000000000000000000000
0000000000000000000000000000
0000000000000000000000000000
0000000000000000000000000000
0000000000000000000000000000
0000000000000001111111000000
0000000000000111111111100000
0000000000001111111111100000
0000000000111111000011110000
0000000000111100000001110000
0000000001111000000001110000
0000000011111000000001110000
0000000011110000000001110000
0000000111110000000001110000
0000000111111000000001100000
0000001110011100000011100000
0000001110001000000111100000
0000001110000000000111000000
0000011100000000011111000000
0000011100000000111110000000
0000011100000001111000000000
0000011100000111110000000000
0000011110001111100000000000
0000001111111111000000000000
0000001111111100000000000000
0000000000000000000000000000
0000000000000000000000000000
0000000000000000000000000000
