0000000000000000000000000000
0000000000000000000000000000
0000000000000000000000000000
0000000000000000000000000000
0000000000000000000000000000
0000000000000000001111000000
0000000000000001111111110000
0000000000001111111111110000
0000000000001111111111111000
0000000000111111100011111000
0000000001111110000001111000
0000000011111100000000111000
0000000011111000000000111000
0000000111110000000001111000
0000001111110000000011111000
0000001111100000000011110000
0000011111000000001111110000
0000011110000000111111100000
0000011110000111111111000000
0000011111111111111100000000
0000011111111111110000000000
0000011111111110000000000000
0000000000000000000000000000
0000000000000000000000000000
0000000000000000000000000000
0000000000000000000000000000
0000000000000000000000000000
0000000000000000000000000000
