0000000000000000000000000000
0000000000000000000000000000
0000000000000000000000000000
0000000000000000000000000000
0000000000000000000000000000
0000000000000011111111110000
0000000000001111111111110000
0000000000011111111111111000
0000000000111111111011111000
0000000001111111110001111000
0000000011111111110001111000
0000000011111110000001111000
0000000111111000000001111000
0000001111110000000011110000
0000001111100000000011110000
0000011111100000000011110000
0000011111110000000011110000
0000011111110000000111100000
0000011111000000000111100000
0000011111000000001111000000
0000011111000000011111000000
0000001111111111111110000000
0000001111111111111100000000
0000000111111111110000000000
0000000011111111110000000000
0000000000000000000000000000
0000000000000000000000000000
0000000000000000000000000000
