0000000000000000000000000000
0000000000000000000000000000
0000000000000000000000000000
0000000000000000000000000000
0000000000000000011110000000
0000000000000000111111000000
0000000000000011111110000000
0000000000000011111110000000
0000000000000111110111000000
0000000000000111100111000000
0000000000011111000111000000
0000000000011111000111000000
0000000000011110000111000000
0000000000111100000111000000
0000000000111000001111000000
0000000001111000001111000000
0000000001111000011110000000
0000000001111000111100000000
0000000011110001111000000000
0000000111110011111000000000
0000000111100111100000000000
0000000111111111100000000000
0000000111111110000000000000
0000000001111100000000000000
0000000000000000000000000000
0000000000000000000000000000
0000000000000000000000000000
0000000000000000000000000000
