0000000000000000000000000000
0000000000000000000000000000
0000000000000000000000000000
0000000000000000000000000000
0000000000011111000000000000
0000000000111111100000000000
0000000000111001110100000000
0000000000110000011100000000
0000000001110000001100000000
0000000001100000001110000000
0000000011100000000111000000
0000000011100000000111000000
0000000011100000000011000000
0000000011100000000011100000
0000000111000000000011100000
0000000111000000000011100000
0000000111000000000111000000
0000000111000000000111000000
0000000111000000001110000000
0000000111000000011110000000
0000000111000001111000000000
0000000111000111110000000000
0000000011111111000000000000
0000000001111110000000000000
0000000000000000000000000000
0000000000000000000000000000
0000000000000000000000000000
0000000000000000000000000000
