0000000000000000000000000000
0000000000000000000000000000
0000000000000000000000000000
0000000000000000000011000000
0000000000000000000111100000
0000000000000000001111100000
0000000000000001111111100000
0000000000000011111111100000
0000000000000111111111100000
0000000000001111111011100000
0000000000111111100111100000
0000000001111111000111000000
0000000111111100001111000000
0000001111111000001111000000
0000001111110000011111000000
0000011111110000111111000000
0000011111000001111111000000
0000011110000011111111000000
0000011100001111111110000000
0000011111111111111000000000
0000011111111111110000000000
0000011111111111100000000000
0000001111110100000000000000
0000000000000000000000000000
0000000000000000000000000000
0000000000000000000000000000
0000000000000000000000000000
0000000000000000000000000000
