0000000000000000000000000000
0000000000000000000000000000
0000000000000000000000000000
0000000000000000000000000000
0000000000000000000000000000
0000000000000000011111000000
0000000000000011111111100000
0000000000001111111111110000
0000000000111111111111110000
0000000011111111100001110000
0000000111111100000001111000
0000001111110000000000111000
0000001111100000000000011000
0000001111000000000000011000
0000011111000000000000111000
0000011110000000000011111000
0000011100000000001111111000
0000011100000000011111110000
0000011100000011111111000000
0000011100111111111110000000
0000011111111111110000000000
0000011111111111000000000000
0000001111111100000000000000
0000000000000000000000000000
0000000000000000000000000000
0000000000000000000000000000
0000000000000000000000000000
0000000000000000000000000000
